289|1
38|2
428|3
451|4
339|5
54|6
50|7
356|8
85|9
28|10
186|11
166|12
370|13
491|14
346|15
44|16
404|17
180|18
486|19
230|20
77|21
84|22
93|23
335|24
232|25
463|26
59|27
161|28
354|29
410|30
78|31
75|32
155|33
84|34
30|35
143|36
36|37
31|38
38|39
381|40
314|41
285|42
104|43
222|44
487|45
225|46
78|47
444|48
23|49
495|50
475|51
481|52
266|53
23|54
194|55
14|56
17|57
34|58
294|59
177|60
152|61
54|62
261|63
27|64
329|65
148|66
401|67
231|68
174|69
387|70
216|71
134|72
500|73
18|74
237|75
140|76
92|77
495|78
52|79
180|80
488|81
289|82
157|83
73|84
265|85
212|86
131|87
269|88
246|89
39|90
303|91
255|92
486|93
419|94
410|95
479|96
61|97
478|98
121|99
234|100
493|101
455|102
138|103
414|104
115|105
453|106
100|107
136|108
436|109
353|110
346|111
33|112
110|113
412|114
493|115
266|116
308|117
385|118
482|119
190|120
57|121
46|122
193|123
407|124
487|125
87|126
22|127
85|128
258|129
389|130
173|131
85|132
108|133
200|134
430|135
11|136
53|137
150|138
153|139
274|140
397|141
141|142
316|143
383|144
265|145
88|146
118|147
245|148
128|149
346|150
7|151
221|152
237|153
387|154
302|155
243|156
297|157
117|158
181|159
31|160
445|161
61|162
108|163
325|164
95|165
408|166
434|167
173|168
282|169
177|170
85|171
12|172
122|173
284|174
218|175
256|176
456|177
444|178
261|179
349|180
415|181
185|182
480|183
274|184
391|185
450|186
149|187
240|188
151|189
211|190
307|191
405|192
463|193
106|194
370|195
378|196
280|197
482|198
201|199
246|200
172|201
83|202
286|203
336|204
168|205
311|206
297|207
205|208
15|209
288|210
198|211
140|212
488|213
71|214
192|215
297|216
328|217
267|218
216|219
323|220
52|221
304|222
405|223
303|224
345|225
149|226
266|227
38|228
40|229
458|230
153|231
468|232
283|233
491|234
484|235
321|236
150|237
378|238
29|239
488|240
237|241
477|242
89|243
259|244
471|245
163|246
353|247
459|248
359|249
423|250
329|251
367|252
313|253
197|254
280|255
498|256
253|257
314|258
1|259
351|260
322|261
271|262
39|263
115|264
175|265
484|266
155|267
115|268
337|269
325|270
397|271
309|272
371|273
152|274
171|275
412|276
374|277
10|278
122|279
202|280
494|281
113|282
74|283
411|284
426|285
100|286
107|287
366|288
210|289
95|290
118|291
231|292
413|293
208|294
243|295
151|296
445|297
10|298
308|299
16|300
304|301
221|302
474|303
408|304
346|305
216|306
255|307
432|308
233|309
10|310
205|311
28|312
463|313
352|314
391|315
493|316
493|317
242|318
52|319
394|320
454|321
338|322
57|323
114|324
42|325
301|326
231|327
125|328
450|329
379|330
501|331
371|332
5|333
459|334
369|335
276|336
457|337
157|338
163|339
169|340
254|341
195|342
405|343
12|344
414|345
118|346
478|347
397|348
320|349
224|350
431|351
51|352
192|353
409|354
114|355
373|356
247|357
101|358
377|359
268|360
370|361
146|362
221|363
100|364
278|365
480|366
9|367
348|368
92|369
485|370
57|371
95|372
463|373
260|374
124|375
446|376
323|377
205|378
425|379
123|380
294|381
76|382
389|383
260|384
274|385
13|386
369|387
105|388
424|389
347|390
241|391
231|392
442|393
64|394
267|395
406|396
84|397
184|398
473|399
486|400
142|401
398|402
500|403
131|404
171|405
53|406
99|407
400|408
31|409
264|410
308|411
309|412
491|413
123|414
181|415
360|416
476|417
499|418
180|419
497|420
182|421
404|422
104|423
185|424
371|425
83|426
396|427
158|428
33|429
251|430
16|431
494|432
388|433
475|434
18|435
36|436
113|437
407|438
467|439
436|440
97|441
354|442
21|443
464|444
345|445
422|446
188|447
205|448
486|449
466|450
14|451
190|452
445|453
226|454
91|455
333|456
117|457
438|458
150|459
455|460
384|461
419|462
468|463
43|464
425|465
114|466
208|467
402|468
389|469
466|470
110|471
342|472
205|473
84|474
94|475
204|476
6|477
222|478
146|479
283|480
3|481
432|482
264|483
138|484
449|485
65|486
324|487
319|488
240|489
412|490
80|491
286|492
133|493
299|494
304|495
457|496
495|497
117|498
399|499
191|500
222|501
486|502
474|503
204|504
52|505
262|506
87|507
94|508
236|509
102|510
176|511
224|512
417|513
196|514
101|515
98|516
413|517
238|518
267|519
359|520
73|521
45|522
446|523
379|524
473|525
225|526
414|527
72|528
460|529
467|530
240|531
41|532
281|533
320|534
84|535
248|536
191|537
240|538
392|539
164|540
472|541
112|542
319|543
432|544
234|545
438|546
11|547
486|548
131|549
80|550
348|551
51|552
273|553
83|554
255|555
254|556
96|557
303|558
231|559
485|560
38|561
10|562
130|563
29|564
250|565
255|566
337|567
333|568
332|569
242|570
369|571
281|572
1|573
104|574
68|575
456|576
270|577
273|578
58|579
196|580
473|581
253|582
381|583
424|584
212|585
91|586
36|587
184|588
489|589
98|590
281|591
214|592
6|593
414|594
280|595
276|596
407|597
350|598
210|599
19|600
272|601
165|602
207|603
14|604
331|605
250|606
91|607
277|608
107|609
408|610
189|611
347|612
350|613
89|614
341|615
200|616
469|617
316|618
41|619
459|620
421|621
301|622
87|623
407|624
397|625
297|626
226|627
473|628
169|629
187|630
114|631
382|632
494|633
321|634
481|635
73|636
167|637
335|638
478|639
242|640
51|641
443|642
367|643
343|644
231|645
27|646
17|647
220|648
24|649
452|650
49|651
49|652
210|653
86|654
417|655
192|656
150|657
423|658
254|659
40|660
438|661
84|662
317|663
499|664
94|665
138|666
334|667
27|668
215|669
211|670
160|671
413|672
219|673
277|674
329|675
469|676
231|677
451|678
197|679
81|680
345|681
296|682
496|683
430|684
106|685
145|686
299|687
354|688
38|689
245|690
121|691
409|692
194|693
473|694
311|695
140|696
498|697
15|698
464|699
290|700
244|701
373|702
365|703
260|704
307|705
495|706
102|707
484|708
56|709
155|710
201|711
199|712
255|713
375|714
332|715
372|716
129|717
285|718
132|719
363|720
371|721
436|722
402|723
159|724
163|725
152|726
117|727
114|728
124|729
71|730
123|731
37|732
128|733
416|734
228|735
378|736
139|737
252|738
439|739
357|740
348|741
113|742
61|743
483|744
252|745
486|746
50|747
390|748
500|749
43|750
371|751
468|752
130|753
402|754
243|755
287|756
338|757
393|758
233|759
233|760
426|761
416|762
480|763
489|764
254|765
67|766
369|767
358|768
338|769
328|770
61|771
25|772
493|773
210|774
20|775
499|776
240|777
380|778
23|779
75|780
371|781
427|782
316|783
28|784
248|785
286|786
313|787
165|788
377|789
47|790
440|791
453|792
79|793
184|794
344|795
172|796
326|797
485|798
245|799
470|800
268|801
394|802
233|803
104|804
440|805
397|806
62|807
351|808
150|809
324|810
47|811
279|812
236|813
58|814
138|815
110|816
284|817
303|818
217|819
487|820
372|821
33|822
139|823
496|824
468|825
89|826
432|827
359|828
211|829
446|830
117|831
309|832
344|833
39|834
59|835
58|836
304|837
153|838
360|839
434|840
306|841
146|842
321|843
23|844
357|845
232|846
119|847
442|848
43|849
198|850
226|851
92|852
281|853
151|854
418|855
454|856
398|857
102|858
439|859
92|860
411|861
49|862
219|863
409|864
353|865
388|866
79|867
342|868
1|869
100|870
435|871
212|872
15|873
360|874
269|875
343|876
62|877
145|878
365|879
209|880
337|881
328|882
25|883
295|884
29|885
354|886
297|887
409|888
309|889
449|890
214|891
81|892
286|893
366|894
185|895
407|896
386|897
89|898
422|899
225|900
308|901
291|902
467|903
288|904
101|905
209|906
128|907
497|908
426|909
268|910
394|911
497|912
307|913
186|914
415|915
32|916
492|917
466|918
250|919
130|920
23|921
413|922
90|923
16|924
451|925
96|926
10|927
217|928
449|929
301|930
159|931
193|932
82|933
363|934
289|935
450|936
190|937
409|938
436|939
179|940
442|941
343|942
226|943
88|944
248|945
131|946
303|947
172|948
428|949
456|950
336|951
480|952
496|953
180|954
76|955
6|956
444|957
351|958
447|959
465|960
275|961
368|962
217|963
180|964
117|965
100|966
398|967
55|968
46|969
261|970
422|971
2|972
483|973
484|974
158|975
485|976
74|977
56|978
280|979
250|980
366|981
227|982
151|983
339|984
499|985
456|986
60|987
360|988
145|989
369|990
109|991
144|992
66|993
124|994
147|995
295|996
323|997
259|998
118|999
381|1000
243|1001
448|1002
58|1003
183|1004
295|1005
348|1006
412|1007
204|1008
405|1009
222|1010
28|1011
492|1012
212|1013
352|1014
356|1015
1|1016
332|1017
401|1018
81|1019
431|1020
403|1021
359|1022
493|1023
165|1024
29|1025
410|1026
80|1027
283|1028
136|1029
327|1030
346|1031
227|1032
196|1033
212|1034
292|1035
11|1036
57|1037
150|1038
345|1039
377|1040
190|1041
261|1042
26|1043
374|1044
386|1045
402|1046
203|1047
291|1048
168|1049
67|1050
122|1051
236|1052
161|1053
169|1054
171|1055
57|1056
162|1057
214|1058
78|1059
387|1060
302|1061
159|1062
190|1063
473|1064
222|1065
48|1066
199|1067
463|1068
261|1069
28|1070
155|1071
246|1072
223|1073
380|1074
228|1075
290|1076
90|1077
387|1078
482|1079
286|1080
141|1081
238|1082
221|1083
484|1084
482|1085
26|1086
411|1087
146|1088
463|1089
494|1090
108|1091
213|1092
466|1093
434|1094
362|1095
361|1096
300|1097
87|1098
432|1099
363|1100
293|1101
270|1102
353|1103
378|1104
110|1105
324|1106
457|1107
101|1108
319|1109
254|1110
152|1111
354|1112
51|1113
294|1114
306|1115
49|1116
487|1117
423|1118
411|1119
361|1120
127|1121
219|1122
176|1123
14|1124
244|1125
162|1126
114|1127
251|1128
128|1129
328|1130
76|1131
350|1132
18|1133
157|1134
104|1135
236|1136
97|1137
478|1138
442|1139
347|1140
413|1141
170|1142
251|1143
498|1144
98|1145
311|1146
91|1147
443|1148
299|1149
95|1150
412|1151
344|1152
37|1153
33|1154
412|1155
141|1156
76|1157
418|1158
379|1159
139|1160
123|1161
232|1162
486|1163
426|1164
337|1165
448|1166
330|1167
14|1168
260|1169
469|1170
126|1171
243|1172
86|1173
68|1174
489|1175
275|1176
99|1177
251|1178
48|1179
173|1180
96|1181
62|1182
361|1183
26|1184
17|1185
111|1186
46|1187
263|1188
475|1189
84|1190
119|1191
468|1192
22|1193
376|1194
260|1195
227|1196
207|1197
375|1198
407|1199
227|1200
194|1201
33|1202
138|1203
3|1204
258|1205
216|1206
463|1207
260|1208
380|1209
15|1210
164|1211
302|1212
81|1213
449|1214
215|1215
195|1216
310|1217
13|1218
219|1219
305|1220
125|1221
438|1222
252|1223
288|1224
337|1225
381|1226
55|1227
410|1228
71|1229
459|1230
328|1231
232|1232
419|1233
327|1234
112|1235
442|1236
285|1237
391|1238
8|1239
393|1240
246|1241
215|1242
109|1243
149|1244
222|1245
419|1246
207|1247
129|1248
222|1249
362|1250
262|1251
357|1252
133|1253
482|1254
381|1255
163|1256
310|1257
338|1258
134|1259
285|1260
147|1261
159|1262
117|1263
484|1264
102|1265
480|1266
282|1267
430|1268
7|1269
399|1270
410|1271
9|1272
411|1273
27|1274
227|1275
364|1276
84|1277
98|1278
18|1279
194|1280
34|1281
91|1282
170|1283
239|1284
437|1285
132|1286
327|1287
165|1288
31|1289
296|1290
325|1291
120|1292
275|1293
172|1294
293|1295
14|1296
390|1297
58|1298
361|1299
295|1300
9|1301
390|1302
88|1303
196|1304
105|1305
151|1306
253|1307
254|1308
251|1309
392|1310
234|1311
102|1312
44|1313
170|1314
167|1315
79|1316
86|1317
159|1318
41|1319
87|1320
232|1321
452|1322
317|1323
355|1324
343|1325
474|1326
78|1327
93|1328
486|1329
493|1330
270|1331
39|1332
344|1333
252|1334
340|1335
470|1336
360|1337
367|1338
10|1339
307|1340
18|1341
409|1342
32|1343
275|1344
241|1345
390|1346
241|1347
328|1348
465|1349
111|1350
1|1351
495|1352
223|1353
185|1354
4|1355
302|1356
316|1357
41|1358
328|1359
70|1360
272|1361
309|1362
147|1363
386|1364
181|1365
245|1366
440|1367
100|1368
81|1369
309|1370
53|1371
9|1372
164|1373
177|1374
392|1375
167|1376
160|1377
475|1378
235|1379
192|1380
134|1381
298|1382
85|1383
111|1384
253|1385
432|1386
134|1387
433|1388
452|1389
425|1390
216|1391
92|1392
498|1393
259|1394
88|1395
205|1396
123|1397
327|1398
232|1399
424|1400
64|1401
80|1402
365|1403
27|1404
210|1405
151|1406
9|1407
406|1408
439|1409
359|1410
2|1411
184|1412
353|1413
176|1414
409|1415
266|1416
295|1417
425|1418
343|1419
152|1420
11|1421
14|1422
291|1423
442|1424
372|1425
281|1426
226|1427
353|1428
328|1429
95|1430
230|1431
294|1432
81|1433
54|1434
386|1435
58|1436
424|1437
145|1438
218|1439
290|1440
199|1441
279|1442
163|1443
30|1444
52|1445
170|1446
368|1447
90|1448
475|1449
292|1450
278|1451
220|1452
275|1453
118|1454
210|1455
157|1456
353|1457
189|1458
459|1459
318|1460
376|1461
106|1462
30|1463
149|1464
387|1465
250|1466
310|1467
395|1468
274|1469
312|1470
450|1471
21|1472
409|1473
370|1474
397|1475
217|1476
407|1477
245|1478
104|1479
477|1480
217|1481
451|1482
294|1483
368|1484
232|1485
490|1486
489|1487
380|1488
190|1489
117|1490
58|1491
493|1492
273|1493
365|1494
451|1495
450|1496
453|1497
126|1498
336|1499
221|1500
234|1501
25|1502
418|1503
150|1504
38|1505
273|1506
225|1507
97|1508
51|1509
306|1510
183|1511
103|1512
415|1513
362|1514
326|1515
146|1516
185|1517
150|1518
497|1519
387|1520
19|1521
47|1522
360|1523
459|1524
449|1525
398|1526
302|1527
52|1528
277|1529
196|1530
65|1531
75|1532
446|1533
37|1534
48|1535
472|1536
186|1537
371|1538
333|1539
273|1540
248|1541
385|1542
461|1543
62|1544
452|1545
16|1546
449|1547
66|1548
60|1549
390|1550
78|1551
433|1552
361|1553
472|1554
153|1555
122|1556
446|1557
42|1558
31|1559
374|1560
318|1561
21|1562
87|1563
351|1564
176|1565
495|1566
319|1567
492|1568
125|1569
273|1570
349|1571
125|1572
494|1573
357|1574
163|1575
110|1576
362|1577
183|1578
167|1579
301|1580
284|1581
312|1582
262|1583
155|1584
307|1585
324|1586
250|1587
40|1588
183|1589
419|1590
122|1591
453|1592
200|1593
126|1594
486|1595
42|1596
246|1597
109|1598
151|1599
81|1600
259|1601
395|1602
94|1603
224|1604
140|1605
321|1606
496|1607
367|1608
148|1609
378|1610
150|1611
191|1612
362|1613
139|1614
53|1615
125|1616
379|1617
108|1618
445|1619
89|1620
452|1621
54|1622
354|1623
21|1624
187|1625
188|1626
237|1627
93|1628
181|1629
411|1630
378|1631
490|1632
46|1633
371|1634
84|1635
382|1636
197|1637
140|1638
248|1639
210|1640
20|1641
170|1642
103|1643
167|1644
99|1645
359|1646
50|1647
313|1648
474|1649
329|1650
111|1651
458|1652
126|1653
258|1654
27|1655
458|1656
171|1657
259|1658
180|1659
300|1660
467|1661
267|1662
254|1663
150|1664
482|1665
8|1666
118|1667
456|1668
52|1669
496|1670
441|1671
71|1672
87|1673
326|1674
50|1675
163|1676
11|1677
354|1678
335|1679
479|1680
454|1681
404|1682
126|1683
422|1684
379|1685
292|1686
297|1687
254|1688
313|1689
180|1690
498|1691
312|1692
360|1693
398|1694
232|1695
184|1696
47|1697
56|1698
206|1699
166|1700
52|1701
52|1702
191|1703
430|1704
344|1705
496|1706
131|1707
126|1708
135|1709
473|1710
224|1711
195|1712
215|1713
140|1714
483|1715
76|1716
447|1717
143|1718
25|1719
55|1720
278|1721
331|1722
468|1723
344|1724
275|1725
159|1726
16|1727
156|1728
314|1729
232|1730
24|1731
182|1732
45|1733
298|1734
198|1735
137|1736
99|1737
278|1738
122|1739
396|1740
248|1741
470|1742
111|1743
259|1744
202|1745
39|1746
444|1747
80|1748
88|1749
283|1750
413|1751
20|1752
208|1753
178|1754
470|1755
75|1756
243|1757
384|1758
252|1759
301|1760
408|1761
22|1762
63|1763
232|1764
117|1765
401|1766
220|1767
352|1768
348|1769
171|1770
217|1771
121|1772
20|1773
171|1774
353|1775
63|1776
110|1777
249|1778
440|1779
378|1780
441|1781
431|1782
378|1783
133|1784
193|1785
283|1786
487|1787
28|1788
153|1789
134|1790
233|1791
266|1792
54|1793
494|1794
193|1795
249|1796
263|1797
246|1798
280|1799
264|1800
361|1801
182|1802
216|1803
77|1804
272|1805
394|1806
63|1807
45|1808
432|1809
430|1810
201|1811
482|1812
318|1813
391|1814
83|1815
285|1816
142|1817
423|1818
291|1819
147|1820
420|1821
115|1822
497|1823
86|1824
229|1825
78|1826
274|1827
104|1828
73|1829
89|1830
304|1831
156|1832
462|1833
136|1834
19|1835
169|1836
265|1837
441|1838
353|1839
334|1840
133|1841
423|1842
485|1843
461|1844
262|1845
40|1846
273|1847
426|1848
290|1849
36|1850
18|1851
141|1852
160|1853
328|1854
500|1855
15|1856
35|1857
342|1858
416|1859
395|1860
312|1861
376|1862
375|1863
77|1864
474|1865
450|1866
436|1867
415|1868
298|1869
490|1870
356|1871
231|1872
122|1873
343|1874
305|1875
108|1876
95|1877
107|1878
210|1879
297|1880
286|1881
40|1882
178|1883
475|1884
294|1885
12|1886
118|1887
429|1888
277|1889
359|1890
401|1891
98|1892
220|1893
53|1894
422|1895
42|1896
167|1897
139|1898
333|1899
311|1900
39|1901
439|1902
34|1903
471|1904
112|1905
150|1906
80|1907
485|1908
35|1909
5|1910
60|1911
406|1912
322|1913
382|1914
51|1915
50|1916
178|1917
383|1918
295|1919
202|1920
156|1921
472|1922
371|1923
117|1924
445|1925
55|1926
421|1927
5|1928
8|1929
431|1930
267|1931
151|1932
206|1933
475|1934
436|1935
77|1936
185|1937
495|1938
322|1939
324|1940
286|1941
213|1942
424|1943
464|1944
78|1945
205|1946
231|1947
327|1948
354|1949
455|1950
254|1951
317|1952
88|1953
406|1954
233|1955
191|1956
317|1957
400|1958
477|1959
319|1960
407|1961
119|1962
36|1963
202|1964
488|1965
20|1966
131|1967
261|1968
465|1969
348|1970
114|1971
317|1972
376|1973
310|1974
244|1975
100|1976
4|1977
172|1978
475|1979
448|1980
140|1981
456|1982
309|1983
345|1984
103|1985
480|1986
164|1987
198|1988
384|1989
28|1990
419|1991
36|1992
268|1993
287|1994
111|1995
149|1996
131|1997
458|1998
312|1999
297|2000
446|2001
174|2002
369|2003
472|2004
23|2005
418|2006
486|2007
356|2008
164|2009
501|2010
252|2011
231|2012
3|2013
244|2014
403|2015
174|2016
6|2017
372|2018
322|2019
459|2020
487|2021
187|2022
20|2023
165|2024
188|2025
28|2026
341|2027
406|2028
352|2029
406|2030
382|2031
17|2032
410|2033
275|2034
4|2035
21|2036
124|2037
274|2038
252|2039
275|2040
2|2041
208|2042
346|2043
232|2044
102|2045
307|2046
429|2047
295|2048
252|2049
329|2050
339|2051
266|2052
57|2053
158|2054
498|2055
205|2056
217|2057
60|2058
440|2059
231|2060
497|2061
417|2062
399|2063
228|2064
1|2065
6|2066
12|2067
279|2068
17|2069
378|2070
316|2071
14|2072
12|2073
478|2074
453|2075
61|2076
168|2077
459|2078
13|2079
141|2080
244|2081
488|2082
33|2083
374|2084
189|2085
146|2086
27|2087
421|2088
352|2089
140|2090
314|2091
265|2092
130|2093
53|2094
478|2095
60|2096
1|2097
11|2098
358|2099
302|2100
383|2101
290|2102
453|2103
110|2104
463|2105
79|2106
93|2107
27|2108
436|2109
37|2110
113|2111
202|2112
51|2113
36|2114
54|2115
30|2116
19|2117
241|2118
107|2119
258|2120
276|2121
31|2122
1|2123
72|2124
62|2125
134|2126
377|2127
238|2128
447|2129
123|2130
313|2131
499|2132
329|2133
81|2134
468|2135
492|2136
180|2137
11|2138
434|2139
175|2140
212|2141
396|2142
267|2143
444|2144
329|2145
61|2146
282|2147
239|2148
479|2149
23|2150
435|2151
451|2152
360|2153
151|2154
242|2155
171|2156
390|2157
205|2158
281|2159
262|2160
109|2161
180|2162
51|2163
195|2164
184|2165
425|2166
164|2167
6|2168
143|2169
492|2170
329|2171
176|2172
256|2173
140|2174
446|2175
111|2176
386|2177
306|2178
245|2179
391|2180
378|2181
169|2182
409|2183
68|2184
160|2185
364|2186
93|2187
238|2188
341|2189
439|2190
353|2191
185|2192
78|2193
453|2194
183|2195
250|2196
185|2197
427|2198
250|2199
64|2200
58|2201
395|2202
413|2203
149|2204
230|2205
450|2206
256|2207
299|2208
284|2209
359|2210
84|2211
366|2212
350|2213
67|2214
56|2215
60|2216
53|2217
198|2218
319|2219
285|2220
336|2221
251|2222
272|2223
42|2224
138|2225
80|2226
358|2227
275|2228
242|2229
290|2230
202|2231
67|2232
347|2233
236|2234
292|2235
487|2236
90|2237
4|2238
390|2239
211|2240
3|2241
232|2242
155|2243
424|2244
164|2245
499|2246
342|2247
466|2248
334|2249
44|2250
492|2251
464|2252
208|2253
253|2254
419|2255
237|2256
145|2257
169|2258
391|2259
167|2260
87|2261
136|2262
376|2263
329|2264
82|2265
143|2266
293|2267
281|2268
378|2269
22|2270
194|2271
65|2272
125|2273
150|2274
126|2275
83|2276
180|2277
194|2278
87|2279
43|2280
464|2281
110|2282
266|2283
106|2284
157|2285
256|2286
160|2287
491|2288
483|2289
229|2290
86|2291
378|2292
373|2293
344|2294
1|2295
367|2296
242|2297
185|2298
298|2299
33|2300
448|2301
189|2302
97|2303
480|2304
62|2305
434|2306
273|2307
316|2308
178|2309
287|2310
149|2311
193|2312
443|2313
326|2314
363|2315
181|2316
33|2317
174|2318
373|2319
419|2320
24|2321
499|2322
71|2323
254|2324
478|2325
434|2326
413|2327
305|2328
177|2329
361|2330
254|2331
357|2332
381|2333
67|2334
164|2335
289|2336
51|2337
430|2338
332|2339
138|2340
84|2341
10|2342
119|2343
446|2344
288|2345
67|2346
217|2347
393|2348
484|2349
440|2350
181|2351
389|2352
443|2353
172|2354
272|2355
129|2356
471|2357
224|2358
272|2359
241|2360
441|2361
318|2362
45|2363
208|2364
112|2365
66|2366
416|2367
17|2368
365|2369
292|2370
118|2371
376|2372
222|2373
474|2374
49|2375
398|2376
105|2377
182|2378
286|2379
13|2380
135|2381
144|2382
474|2383
431|2384
366|2385
182|2386
447|2387
84|2388
318|2389
93|2390
63|2391
165|2392
196|2393
343|2394
369|2395
471|2396
3|2397
32|2398
358|2399
305|2400
247|2401
295|2402
13|2403
278|2404
414|2405
325|2406
151|2407
166|2408
102|2409
218|2410
66|2411
497|2412
17|2413
219|2414
10|2415
410|2416
92|2417
263|2418
325|2419
269|2420
170|2421
333|2422
332|2423
148|2424
500|2425
223|2426
212|2427
178|2428
252|2429
477|2430
158|2431
226|2432
162|2433
46|2434
301|2435
444|2436
249|2437
457|2438
405|2439
489|2440
142|2441
205|2442
110|2443
237|2444
436|2445
350|2446
23|2447
490|2448
266|2449
264|2450
434|2451
252|2452
421|2453
453|2454
482|2455
118|2456
299|2457
302|2458
197|2459
40|2460
359|2461
287|2462
76|2463
369|2464
374|2465
388|2466
251|2467
412|2468
146|2469
362|2470
240|2471
443|2472
392|2473
65|2474
212|2475
385|2476
484|2477
48|2478
457|2479
387|2480
408|2481
103|2482
313|2483
341|2484
97|2485
239|2486
110|2487
92|2488
360|2489
276|2490
20|2491
411|2492
186|2493
476|2494
8|2495
267|2496
112|2497
304|2498
82|2499
118|2500
339|2501
136|2502
272|2503
177|2504
480|2505
189|2506
218|2507
302|2508
297|2509
154|2510
298|2511
435|2512
74|2513
477|2514
482|2515
235|2516
342|2517
107|2518
494|2519
143|2520
317|2521
83|2522
353|2523
347|2524
158|2525
176|2526
400|2527
88|2528
243|2529
103|2530
70|2531
438|2532
288|2533
423|2534
56|2535
246|2536
153|2537
399|2538
398|2539
160|2540
334|2541
222|2542
70|2543
146|2544
332|2545
258|2546
334|2547
185|2548
225|2549
66|2550
246|2551
415|2552
440|2553
266|2554
3|2555
94|2556
389|2557
110|2558
60|2559
451|2560
103|2561
271|2562
292|2563
129|2564
231|2565
54|2566
213|2567
248|2568
93|2569
119|2570
365|2571
400|2572
59|2573
26|2574
452|2575
391|2576
105|2577
50|2578
26|2579
148|2580
341|2581
119|2582
192|2583
279|2584
464|2585
87|2586
289|2587
303|2588
231|2589
457|2590
415|2591
183|2592
200|2593
222|2594
172|2595
1|2596
317|2597
366|2598
341|2599
3|2600
206|2601
338|2602
188|2603
270|2604
495|2605
365|2606
411|2607
282|2608
238|2609
209|2610
426|2611
133|2612
410|2613
23|2614
390|2615
236|2616
258|2617
97|2618
474|2619
249|2620
327|2621
360|2622
406|2623
281|2624
499|2625
252|2626
244|2627
30|2628
293|2629
346|2630
339|2631
64|2632
35|2633
299|2634
323|2635
307|2636
44|2637
386|2638
256|2639
127|2640
21|2641
236|2642
7|2643
259|2644
329|2645
365|2646
175|2647
285|2648
134|2649
305|2650
66|2651
380|2652
485|2653
145|2654
463|2655
315|2656
434|2657
90|2658
211|2659
242|2660
31|2661
72|2662
46|2663
193|2664
434|2665
426|2666
7|2667
229|2668
53|2669
412|2670
236|2671
204|2672
281|2673
432|2674
124|2675
44|2676
41|2677
299|2678
21|2679
180|2680
133|2681
391|2682
383|2683
274|2684
432|2685
188|2686
250|2687
126|2688
215|2689
67|2690
319|2691
74|2692
252|2693
245|2694
217|2695
394|2696
394|2697
299|2698
333|2699
481|2700
470|2701
420|2702
124|2703
3|2704
350|2705
109|2706
162|2707
418|2708
208|2709
213|2710
160|2711
488|2712
409|2713
11|2714
150|2715
229|2716
90|2717
409|2718
257|2719
448|2720
383|2721
142|2722
53|2723
152|2724
419|2725
143|2726
332|2727
399|2728
93|2729
300|2730
252|2731
77|2732
234|2733
287|2734
3|2735
420|2736
109|2737
498|2738
20|2739
78|2740
141|2741
462|2742
217|2743
63|2744
349|2745
126|2746
385|2747
468|2748
136|2749
284|2750
490|2751
103|2752
420|2753
300|2754
71|2755
102|2756
395|2757
465|2758
166|2759
135|2760
455|2761
129|2762
482|2763
295|2764
10|2765
302|2766
325|2767
82|2768
395|2769
127|2770
263|2771
456|2772
499|2773
373|2774
340|2775
4|2776
417|2777
248|2778
200|2779
113|2780
318|2781
307|2782
132|2783
307|2784
23|2785
98|2786
139|2787
100|2788
269|2789
56|2790
283|2791
225|2792
205|2793
77|2794
307|2795
412|2796
429|2797
264|2798
308|2799
475|2800
336|2801
352|2802
390|2803
429|2804
44|2805
83|2806
489|2807
384|2808
251|2809
492|2810
477|2811
369|2812
122|2813
379|2814
373|2815
3|2816
20|2817
476|2818
101|2819
77|2820
208|2821
123|2822
413|2823
299|2824
32|2825
371|2826
10|2827
244|2828
493|2829
49|2830
37|2831
147|2832
397|2833
293|2834
491|2835
178|2836
400|2837
413|2838
47|2839
283|2840
40|2841
130|2842
434|2843
410|2844
87|2845
47|2846
374|2847
316|2848
164|2849
384|2850
176|2851
431|2852
294|2853
337|2854
368|2855
273|2856
172|2857
419|2858
45|2859
219|2860
9|2861
318|2862
216|2863
209|2864
216|2865
448|2866
288|2867
206|2868
323|2869
7|2870
192|2871
310|2872
432|2873
296|2874
354|2875
150|2876
278|2877
232|2878
307|2879
194|2880
482|2881
427|2882
366|2883
265|2884
257|2885
211|2886
262|2887
483|2888
176|2889
436|2890
67|2891
282|2892
16|2893
175|2894
306|2895
329|2896
334|2897
70|2898
170|2899
101|2900
423|2901
92|2902
409|2903
44|2904
46|2905
211|2906
419|2907
263|2908
200|2909
161|2910
173|2911
293|2912
29|2913
459|2914
198|2915
22|2916
497|2917
68|2918
412|2919
199|2920
445|2921
98|2922
430|2923
455|2924
40|2925
421|2926
456|2927
419|2928
28|2929
446|2930
424|2931
6|2932
262|2933
284|2934
430|2935
445|2936
447|2937
3|2938
334|2939
325|2940
3|2941
432|2942
286|2943
470|2944
110|2945
149|2946
467|2947
25|2948
37|2949
238|2950
371|2951
220|2952
459|2953
247|2954
314|2955
295|2956
175|2957
12|2958
4|2959
480|2960
475|2961
309|2962
68|2963
365|2964
14|2965
59|2966
319|2967
179|2968
139|2969
415|2970
341|2971
213|2972
38|2973
30|2974
455|2975
180|2976
314|2977
466|2978
358|2979
63|2980
31|2981
112|2982
35|2983
207|2984
264|2985
302|2986
46|2987
494|2988
229|2989
142|2990
222|2991
384|2992
277|2993
408|2994
39|2995
336|2996
79|2997
474|2998
239|2999
151|3000
486|3001
178|3002
431|3003
339|3004
489|3005
403|3006
334|3007
137|3008
78|3009
43|3010
297|3011
375|3012
376|3013
198|3014
493|3015
129|3016
214|3017
264|3018
67|3019
199|3020
473|3021
356|3022
273|3023
314|3024
205|3025
258|3026
58|3027
33|3028
481|3029
407|3030
51|3031
112|3032
227|3033
225|3034
7|3035
490|3036
75|3037
95|3038
195|3039
188|3040
222|3041
406|3042
230|3043
71|3044
163|3045
285|3046
98|3047
190|3048
392|3049
347|3050
487|3051
426|3052
234|3053
268|3054
481|3055
495|3056
92|3057
288|3058
499|3059
295|3060
353|3061
49|3062
36|3063
166|3064
179|3065
137|3066
275|3067
481|3068
420|3069
319|3070
169|3071
349|3072
226|3073
58|3074
4|3075
362|3076
158|3077
203|3078
437|3079
483|3080
277|3081
140|3082
325|3083
232|3084
51|3085
49|3086
140|3087
31|3088
442|3089
114|3090
370|3091
155|3092
394|3093
75|3094
473|3095
207|3096
276|3097
94|3098
336|3099
399|3100
448|3101
302|3102
497|3103
392|3104
81|3105
422|3106
324|3107
152|3108
451|3109
260|3110
205|3111
160|3112
261|3113
476|3114
491|3115
21|3116
276|3117
449|3118
146|3119
465|3120
418|3121
301|3122
200|3123
225|3124
171|3125
451|3126
184|3127
289|3128
442|3129
77|3130
203|3131
111|3132
295|3133
303|3134
492|3135
484|3136
486|3137
16|3138
411|3139
465|3140
487|3141
269|3142
305|3143
442|3144
239|3145
294|3146
90|3147
449|3148
337|3149
290|3150
424|3151
23|3152
156|3153
260|3154
193|3155
407|3156
150|3157
240|3158
456|3159
50|3160
443|3161
175|3162
499|3163
408|3164
136|3165
495|3166
277|3167
501|3168
126|3169
491|3170
224|3171
350|3172
59|3173
220|3174
190|3175
220|3176
495|3177
305|3178
207|3179
14|3180
144|3181
234|3182
492|3183
462|3184
442|3185
213|3186
280|3187
159|3188
103|3189
239|3190
369|3191
135|3192
90|3193
170|3194
310|3195
435|3196
119|3197
45|3198
453|3199
261|3200
326|3201
298|3202
309|3203
339|3204
370|3205
468|3206
418|3207
216|3208
395|3209
126|3210
217|3211
480|3212
307|3213
152|3214
429|3215
350|3216
101|3217
460|3218
453|3219
240|3220
389|3221
278|3222
196|3223
410|3224
259|3225
419|3226
170|3227
306|3228
189|3229
361|3230
176|3231
435|3232
417|3233
358|3234
408|3235
22|3236
244|3237
85|3238
264|3239
300|3240
435|3241
202|3242
6|3243
177|3244
169|3245
17|3246
127|3247
52|3248
78|3249
154|3250
371|3251
279|3252
402|3253
180|3254
264|3255
334|3256
373|3257
299|3258
488|3259
214|3260
349|3261
285|3262
92|3263
408|3264
101|3265
153|3266
500|3267
111|3268
11|3269
20|3270
404|3271
419|3272
379|3273
12|3274
372|3275
475|3276
275|3277
256|3278
110|3279
265|3280
485|3281
184|3282
483|3283
427|3284
391|3285
141|3286
466|3287
340|3288
67|3289
320|3290
121|3291
439|3292
479|3293
389|3294
118|3295
37|3296
38|3297
216|3298
153|3299
200|3300
176|3301
380|3302
256|3303
224|3304
158|3305
112|3306
245|3307
196|3308
437|3309
452|3310
56|3311
59|3312
256|3313
76|3314
85|3315
445|3316
323|3317
107|3318
218|3319
302|3320
457|3321
351|3322
353|3323
483|3324
231|3325
309|3326
345|3327
350|3328
315|3329
156|3330
482|3331
312|3332
172|3333
177|3334
287|3335
248|3336
139|3337
259|3338
340|3339
170|3340
369|3341
342|3342
367|3343
39|3344
63|3345
301|3346
281|3347
441|3348
135|3349
155|3350
371|3351
68|3352
275|3353
145|3354
323|3355
128|3356
337|3357
85|3358
158|3359
466|3360
178|3361
129|3362
37|3363
35|3364
433|3365
29|3366
185|3367
495|3368
349|3369
87|3370
152|3371
325|3372
315|3373
245|3374
275|3375
487|3376
419|3377
235|3378
357|3379
278|3380
87|3381
20|3382
297|3383
89|3384
134|3385
489|3386
184|3387
275|3388
44|3389
233|3390
47|3391
429|3392
105|3393
130|3394
103|3395
458|3396
125|3397
22|3398
418|3399
88|3400
65|3401
16|3402
209|3403
397|3404
334|3405
213|3406
335|3407
435|3408
415|3409
418|3410
363|3411
430|3412
221|3413
199|3414
94|3415
192|3416
333|3417
443|3418
32|3419
88|3420
248|3421
462|3422
58|3423
169|3424
197|3425
411|3426
371|3427
353|3428
102|3429
7|3430
201|3431
192|3432
151|3433
200|3434
55|3435
373|3436
260|3437
185|3438
170|3439
292|3440
412|3441
222|3442
422|3443
485|3444
448|3445
72|3446
496|3447
37|3448
140|3449
493|3450
174|3451
426|3452
140|3453
255|3454
444|3455
287|3456
481|3457
76|3458
85|3459
291|3460
145|3461
296|3462
97|3463
180|3464
222|3465
198|3466
105|3467
382|3468
471|3469
117|3470
464|3471
470|3472
151|3473
66|3474
452|3475
470|3476
257|3477
349|3478
180|3479
370|3480
332|3481
383|3482
416|3483
150|3484
157|3485
10|3486
304|3487
396|3488
312|3489
360|3490
387|3491
363|3492
52|3493
182|3494
336|3495
447|3496
266|3497
453|3498
366|3499
382|3500
313|3501
438|3502
50|3503
45|3504
132|3505
58|3506
372|3507
45|3508
377|3509
85|3510
491|3511
78|3512
190|3513
207|3514
494|3515
341|3516
129|3517
354|3518
385|3519
237|3520
375|3521
304|3522
169|3523
489|3524
430|3525
129|3526
127|3527
416|3528
359|3529
237|3530
449|3531
413|3532
445|3533
127|3534
21|3535
447|3536
400|3537
276|3538
76|3539
232|3540
352|3541
208|3542
4|3543
193|3544
85|3545
59|3546
296|3547
412|3548
13|3549
205|3550
365|3551
413|3552
410|3553
480|3554
71|3555
293|3556
409|3557
268|3558
172|3559
19|3560
120|3561
92|3562
155|3563
393|3564
182|3565
235|3566
269|3567
473|3568
249|3569
297|3570
271|3571
403|3572
451|3573
478|3574
300|3575
5|3576
145|3577
373|3578
29|3579
294|3580
109|3581
169|3582
134|3583
360|3584
97|3585
499|3586
286|3587
373|3588
139|3589
434|3590
11|3591
364|3592
319|3593
74|3594
484|3595
398|3596
90|3597
227|3598
39|3599
461|3600
11|3601
485|3602
307|3603
499|3604
248|3605
47|3606
434|3607
471|3608
190|3609
309|3610
299|3611
227|3612
110|3613
303|3614
4|3615
322|3616
384|3617
56|3618
33|3619
22|3620
424|3621
402|3622
263|3623
500|3624
329|3625
162|3626
363|3627
229|3628
496|3629
233|3630
486|3631
92|3632
35|3633
73|3634
34|3635
493|3636
207|3637
165|3638
321|3639
72|3640
396|3641
9|3642
366|3643
259|3644
6|3645
280|3646
254|3647
95|3648
254|3649
325|3650
425|3651
37|3652
463|3653
124|3654
389|3655
307|3656
310|3657
468|3658
459|3659
90|3660
99|3661
180|3662
95|3663
102|3664
51|3665
413|3666
298|3667
444|3668
229|3669
201|3670
473|3671
305|3672
451|3673
100|3674
493|3675
132|3676
170|3677
391|3678
95|3679
343|3680
76|3681
47|3682
394|3683
284|3684
440|3685
142|3686
500|3687
371|3688
326|3689
354|3690
339|3691
468|3692
115|3693
133|3694
280|3695
309|3696
307|3697
390|3698
54|3699
77|3700
344|3701
250|3702
141|3703
350|3704
25|3705
179|3706
489|3707
100|3708
72|3709
30|3710
380|3711
394|3712
293|3713
460|3714
311|3715
45|3716
92|3717
173|3718
86|3719
281|3720
273|3721
480|3722
147|3723
369|3724
366|3725
402|3726
351|3727
8|3728
448|3729
115|3730
100|3731
26|3732
30|3733
59|3734
306|3735
238|3736
500|3737
10|3738
499|3739
495|3740
474|3741
78|3742
294|3743
300|3744
215|3745
488|3746
309|3747
52|3748
144|3749
358|3750
149|3751
350|3752
447|3753
333|3754
426|3755
128|3756
400|3757
125|3758
478|3759
328|3760
469|3761
141|3762
161|3763
97|3764
18|3765
401|3766
60|3767
457|3768
194|3769
397|3770
260|3771
20|3772
22|3773
299|3774
88|3775
204|3776
298|3777
459|3778
141|3779
42|3780
109|3781
484|3782
234|3783
404|3784
129|3785
244|3786
395|3787
382|3788
442|3789
296|3790
440|3791
361|3792
156|3793
421|3794
243|3795
368|3796
62|3797
39|3798
128|3799
223|3800
256|3801
241|3802
58|3803
188|3804
392|3805
247|3806
119|3807
244|3808
465|3809
289|3810
314|3811
134|3812
261|3813
302|3814
374|3815
437|3816
321|3817
494|3818
306|3819
250|3820
338|3821
212|3822
181|3823
346|3824
66|3825
111|3826
386|3827
224|3828
403|3829
76|3830
399|3831
318|3832
152|3833
22|3834
286|3835
68|3836
192|3837
249|3838
156|3839
362|3840
118|3841
480|3842
188|3843
492|3844
423|3845
39|3846
99|3847
209|3848
229|3849
314|3850
210|3851
357|3852
386|3853
81|3854
39|3855
216|3856
108|3857
324|3858
118|3859
373|3860
143|3861
450|3862
15|3863
112|3864
176|3865
345|3866
375|3867
235|3868
364|3869
457|3870
4|3871
17|3872
203|3873
470|3874
411|3875
207|3876
288|3877
63|3878
398|3879
335|3880
403|3881
187|3882
258|3883
177|3884
266|3885
80|3886
208|3887
499|3888
311|3889
280|3890
9|3891
395|3892
93|3893
210|3894
13|3895
116|3896
355|3897
450|3898
340|3899
467|3900
368|3901
11|3902
86|3903
101|3904
392|3905
197|3906
428|3907
421|3908
3|3909
328|3910
60|3911
384|3912
207|3913
300|3914
481|3915
386|3916
305|3917
72|3918
227|3919
386|3920
341|3921
6|3922
359|3923
429|3924
477|3925
441|3926
338|3927
305|3928
473|3929
271|3930
469|3931
456|3932
198|3933
391|3934
54|3935
297|3936
34|3937
125|3938
247|3939
357|3940
462|3941
474|3942
244|3943
155|3944
316|3945
199|3946
500|3947
373|3948
265|3949
400|3950
128|3951
362|3952
421|3953
297|3954
71|3955
455|3956
362|3957
122|3958
252|3959
349|3960
410|3961
141|3962
2|3963
5|3964
244|3965
388|3966
370|3967
249|3968
311|3969
423|3970
122|3971
98|3972
174|3973
116|3974
169|3975
416|3976
466|3977
357|3978
298|3979
33|3980
416|3981
369|3982
102|3983
319|3984
425|3985
161|3986
87|3987
327|3988
267|3989
378|3990
387|3991
236|3992
170|3993
93|3994
162|3995
477|3996
438|3997
285|3998
276|3999
440|4000
411|4001
305|4002
42|4003
281|4004
175|4005
91|4006
120|4007
30|4008
426|4009
418|4010
272|4011
320|4012
64|4013
184|4014
173|4015
495|4016
414|4017
75|4018
423|4019
137|4020
393|4021
168|4022
127|4023
151|4024
235|4025
490|4026
471|4027
89|4028
487|4029
391|4030
237|4031
204|4032
256|4033
368|4034
350|4035
472|4036
291|4037
187|4038
55|4039
78|4040
432|4041
243|4042
348|4043
455|4044
425|4045
421|4046
421|4047
472|4048
69|4049
234|4050
75|4051
128|4052
321|4053
25|4054
324|4055
160|4056
336|4057
501|4058
163|4059
298|4060
98|4061
56|4062
222|4063
190|4064
12|4065
489|4066
195|4067
52|4068
369|4069
353|4070
487|4071
309|4072
345|4073
251|4074
284|4075
468|4076
136|4077
120|4078
241|4079
501|4080
171|4081
175|4082
368|4083
215|4084
385|4085
298|4086
248|4087
123|4088
300|4089
335|4090
451|4091
32|4092
295|4093
350|4094
96|4095
461|4096
228|4097
52|4098
156|4099
405|4100
260|4101
205|4102
157|4103
339|4104
394|4105
36|4106
7|4107
455|4108
54|4109
337|4110
272|4111
293|4112
67|4113
76|4114
60|4115
211|4116
446|4117
460|4118
462|4119
227|4120
298|4121
430|4122
129|4123
138|4124
394|4125
468|4126
302|4127
74|4128
360|4129
358|4130
414|4131
327|4132
475|4133
244|4134
92|4135
238|4136
27|4137
317|4138
492|4139
480|4140
236|4141
489|4142
125|4143
151|4144
484|4145
129|4146
50|4147
294|4148
453|4149
266|4150
27|4151
207|4152
192|4153
163|4154
96|4155
494|4156
55|4157
45|4158
278|4159
411|4160
378|4161
273|4162
216|4163
473|4164
252|4165
497|4166
388|4167
26|4168
347|4169
331|4170
87|4171
145|4172
265|4173
338|4174
362|4175
364|4176
314|4177
203|4178
367|4179
247|4180
475|4181
26|4182
164|4183
26|4184
281|4185
105|4186
212|4187
21|4188
408|4189
363|4190
471|4191
336|4192
66|4193
500|4194
296|4195
107|4196
232|4197
55|4198
402|4199
307|4200
29|4201
302|4202
166|4203
435|4204
356|4205
148|4206
197|4207
417|4208
179|4209
320|4210
368|4211
12|4212
109|4213
300|4214
43|4215
494|4216
498|4217
450|4218
393|4219
136|4220
45|4221
41|4222
291|4223
27|4224
248|4225
360|4226
151|4227
312|4228
159|4229
447|4230
445|4231
336|4232
391|4233
237|4234
77|4235
309|4236
87|4237
344|4238
271|4239
430|4240
238|4241
88|4242
168|4243
397|4244
455|4245
143|4246
433|4247
178|4248
484|4249
292|4250
257|4251
328|4252
469|4253
1|4254
425|4255
271|4256
469|4257
483|4258
439|4259
432|4260
341|4261
18|4262
5|4263
398|4264
188|4265
458|4266
278|4267
354|4268
8|4269
90|4270
41|4271
346|4272
143|4273
5|4274
330|4275
323|4276
216|4277
235|4278
53|4279
88|4280
28|4281
114|4282
90|4283
2|4284
387|4285
103|4286
81|4287
454|4288
4|4289
273|4290
237|4291
475|4292
424|4293
131|4294
473|4295
109|4296
452|4297
345|4298
117|4299
114|4300
282|4301
108|4302
248|4303
352|4304
401|4305
19|4306
371|4307
158|4308
424|4309
431|4310
60|4311
445|4312
3|4313
38|4314
30|4315
128|4316
470|4317
499|4318
21|4319
61|4320
44|4321
462|4322
419|4323
172|4324
284|4325
404|4326
485|4327
465|4328
132|4329
265|4330
278|4331
82|4332
151|4333
414|4334
193|4335
322|4336
251|4337
480|4338
353|4339
146|4340
54|4341
231|4342
270|4343
220|4344
223|4345
299|4346
337|4347
414|4348
112|4349
456|4350
119|4351
250|4352
277|4353
354|4354
484|4355
482|4356
220|4357
300|4358
179|4359
118|4360
137|4361
254|4362
103|4363
409|4364
224|4365
410|4366
320|4367
68|4368
412|4369
292|4370
47|4371
55|4372
209|4373
114|4374
268|4375
123|4376
303|4377
409|4378
429|4379
271|4380
294|4381
491|4382
110|4383
486|4384
205|4385
189|4386
248|4387
65|4388
87|4389
154|4390
365|4391
257|4392
415|4393
395|4394
191|4395
384|4396
409|4397
342|4398
357|4399
375|4400
342|4401
26|4402
85|4403
388|4404
276|4405
370|4406
108|4407
219|4408
23|4409
283|4410
339|4411
301|4412
484|4413
138|4414
212|4415
64|4416
330|4417
264|4418
135|4419
200|4420
145|4421
343|4422
33|4423
244|4424
487|4425
373|4426
347|4427
439|4428
221|4429
256|4430
134|4431
462|4432
34|4433
427|4434
172|4435
83|4436
322|4437
201|4438
77|4439
315|4440
90|4441
472|4442
274|4443
449|4444
328|4445
210|4446
74|4447
79|4448
431|4449
70|4450
124|4451
359|4452
209|4453
329|4454
177|4455
398|4456
73|4457
55|4458
94|4459
355|4460
197|4461
183|4462
451|4463
457|4464
114|4465
261|4466
366|4467
456|4468
216|4469
129|4470
282|4471
127|4472
410|4473
460|4474
244|4475
75|4476
193|4477
124|4478
298|4479
349|4480
37|4481
48|4482
188|4483
106|4484
164|4485
130|4486
348|4487
24|4488
329|4489
80|4490
414|4491
14|4492
497|4493
371|4494
325|4495
95|4496
350|4497
423|4498
363|4499
383|4500
394|4501
272|4502
364|4503
432|4504
423|4505
305|4506
493|4507
457|4508
263|4509
482|4510
229|4511
299|4512
196|4513
412|4514
331|4515
489|4516
311|4517
121|4518
448|4519
73|4520
306|4521
47|4522
117|4523
468|4524
343|4525
299|4526
378|4527
318|4528
101|4529
37|4530
261|4531
142|4532
436|4533
198|4534
356|4535
23|4536
312|4537
165|4538
451|4539
132|4540
363|4541
268|4542
353|4543
267|4544
321|4545
7|4546
472|4547
220|4548
32|4549
182|4550
193|4551
283|4552
317|4553
397|4554
236|4555
117|4556
184|4557
474|4558
432|4559
69|4560
468|4561
308|4562
328|4563
483|4564
154|4565
498|4566
148|4567
423|4568
53|4569
32|4570
432|4571
479|4572
407|4573
97|4574
260|4575
304|4576
178|4577
189|4578
164|4579
453|4580
53|4581
164|4582
392|4583
51|4584
109|4585
419|4586
14|4587
445|4588
380|4589
134|4590
376|4591
471|4592
91|4593
258|4594
58|4595
128|4596
451|4597
49|4598
60|4599
473|4600
108|4601
318|4602
56|4603
430|4604
54|4605
452|4606
346|4607
5|4608
345|4609
358|4610
313|4611
423|4612
136|4613
368|4614
148|4615
143|4616
304|4617
32|4618
288|4619
389|4620
44|4621
473|4622
481|4623
227|4624
76|4625
122|4626
36|4627
148|4628
109|4629
497|4630
361|4631
500|4632
72|4633
176|4634
412|4635
208|4636
68|4637
433|4638
99|4639
118|4640
329|4641
284|4642
62|4643
331|4644
210|4645
151|4646
490|4647
255|4648
345|4649
24|4650
75|4651
273|4652
357|4653
266|4654
270|4655
406|4656
487|4657
25|4658
424|4659
47|4660
421|4661
138|4662
210|4663
88|4664
260|4665
105|4666
118|4667
398|4668
392|4669
219|4670
356|4671
200|4672
365|4673
230|4674
163|4675
351|4676
292|4677
393|4678
277|4679
406|4680
33|4681
233|4682
309|4683
435|4684
295|4685
393|4686
400|4687
481|4688
377|4689
131|4690
410|4691
426|4692
484|4693
323|4694
331|4695
22|4696
169|4697
481|4698
21|4699
353|4700
424|4701
308|4702
74|4703
456|4704
90|4705
314|4706
441|4707
193|4708
64|4709
310|4710
98|4711
74|4712
248|4713
488|4714
240|4715
212|4716
299|4717
155|4718
315|4719
92|4720
270|4721
25|4722
144|4723
416|4724
145|4725
71|4726
299|4727
423|4728
394|4729
214|4730
312|4731
84|4732
347|4733
290|4734
395|4735
209|4736
209|4737
192|4738
424|4739
68|4740
57|4741
2|4742
389|4743
461|4744
92|4745
67|4746
277|4747
291|4748
346|4749
229|4750
269|4751
263|4752
420|4753
249|4754
97|4755
423|4756
379|4757
491|4758
398|4759
29|4760
219|4761
2|4762
475|4763
300|4764
21|4765
408|4766
291|4767
289|4768
90|4769
416|4770
183|4771
73|4772
17|4773
317|4774
264|4775
86|4776
411|4777
101|4778
463|4779
73|4780
438|4781
122|4782
306|4783
104|4784
260|4785
273|4786
35|4787
59|4788
161|4789
428|4790
125|4791
425|4792
75|4793
76|4794
249|4795
410|4796
198|4797
53|4798
306|4799
108|4800
402|4801
265|4802
139|4803
386|4804
431|4805
177|4806
92|4807
395|4808
415|4809
297|4810
458|4811
100|4812
333|4813
446|4814
234|4815
157|4816
159|4817
393|4818
250|4819
187|4820
359|4821
42|4822
6|4823
129|4824
237|4825
266|4826
334|4827
239|4828
137|4829
473|4830
73|4831
186|4832
340|4833
438|4834
188|4835
444|4836
288|4837
83|4838
119|4839
69|4840
224|4841
58|4842
328|4843
494|4844
129|4845
13|4846
313|4847
231|4848
224|4849
130|4850
146|4851
102|4852
53|4853
15|4854
232|4855
148|4856
412|4857
208|4858
234|4859
95|4860
329|4861
221|4862
280|4863
429|4864
70|4865
471|4866
287|4867
415|4868
309|4869
411|4870
114|4871
215|4872
244|4873
265|4874
388|4875
285|4876
481|4877
369|4878
397|4879
472|4880
305|4881
238|4882
387|4883
114|4884
151|4885
284|4886
481|4887
479|4888
287|4889
235|4890
468|4891
202|4892
312|4893
30|4894
162|4895
9|4896
89|4897
469|4898
29|4899
479|4900
130|4901
241|4902
77|4903
103|4904
387|4905
85|4906
416|4907
74|4908
204|4909
204|4910
368|4911
46|4912
447|4913
421|4914
272|4915
331|4916
159|4917
60|4918
441|4919
322|4920
390|4921
209|4922
361|4923
465|4924
207|4925
325|4926
271|4927
385|4928
465|4929
242|4930
228|4931
183|4932
354|4933
303|4934
338|4935
92|4936
330|4937
97|4938
59|4939
201|4940
473|4941
171|4942
101|4943
52|4944
311|4945
133|4946
324|4947
172|4948
106|4949
134|4950
155|4951
185|4952
393|4953
63|4954
479|4955
26|4956
400|4957
88|4958
244|4959
147|4960
307|4961
182|4962
142|4963
257|4964
360|4965
421|4966
222|4967
447|4968
451|4969
245|4970
453|4971
358|4972
11|4973
352|4974
92|4975
132|4976
60|4977
443|4978
468|4979
448|4980
451|4981
446|4982
257|4983
243|4984
223|4985
170|4986
237|4987
59|4988
115|4989
240|4990
190|4991
253|4992
357|4993
60|4994
296|4995
184|4996
196|4997
441|4998
31|4999
198|5000
331|5001
426|5002
477|5003
307|5004
116|5005
298|5006
335|5007
96|5008
13|5009
457|5010
19|5011
160|5012
405|5013
484|5014
363|5015
287|5016
305|5017
382|5018
110|5019
412|5020
26|5021
13|5022
431|5023
407|5024
205|5025
196|5026
204|5027
123|5028
132|5029
227|5030
296|5031
97|5032
450|5033
195|5034
188|5035
500|5036
107|5037
177|5038
406|5039
249|5040
122|5041
128|5042
424|5043
311|5044
465|5045
74|5046
143|5047
229|5048
344|5049
214|5050
153|5051
66|5052
480|5053
407|5054
251|5055
411|5056
357|5057
99|5058
475|5059
410|5060
483|5061
255|5062
97|5063
421|5064
64|5065
434|5066
382|5067
170|5068
390|5069
46|5070
62|5071
493|5072
134|5073
427|5074
117|5075
356|5076
294|5077
41|5078
448|5079
286|5080
161|5081
412|5082
31|5083
124|5084
34|5085
203|5086
230|5087
298|5088
392|5089
232|5090
89|5091
485|5092
276|5093
381|5094
189|5095
402|5096
14|5097
124|5098
126|5099
414|5100
280|5101
129|5102
185|5103
52|5104
432|5105
310|5106
101|5107
291|5108
210|5109
475|5110
237|5111
367|5112
305|5113
285|5114
408|5115
405|5116
395|5117
52|5118
475|5119
170|5120
394|5121
321|5122
490|5123
401|5124
11|5125
299|5126
203|5127
347|5128
318|5129
358|5130
44|5131
224|5132
437|5133
293|5134
269|5135
308|5136
253|5137
417|5138
44|5139
426|5140
196|5141
209|5142
221|5143
124|5144
97|5145
285|5146
73|5147
297|5148
498|5149
16|5150
463|5151
364|5152
187|5153
165|5154
217|5155
496|5156
415|5157
225|5158
357|5159
401|5160
317|5161
202|5162
271|5163
443|5164
262|5165
74|5166
423|5167
263|5168
268|5169
131|5170
490|5171
381|5172
40|5173
37|5174
367|5175
413|5176
421|5177
494|5178
7|5179
5|5180
466|5181
296|5182
88|5183
175|5184
191|5185
41|5186
362|5187
91|5188
118|5189
366|5190
287|5191
127|5192
173|5193
20|5194
361|5195
410|5196
158|5197
230|5198
24|5199
164|5200
478|5201
120|5202
153|5203
377|5204
195|5205
411|5206
247|5207
314|5208
325|5209
5|5210
257|5211
63|5212
212|5213
377|5214
152|5215
177|5216
275|5217
17|5218
128|5219
368|5220
480|5221
178|5222
434|5223
403|5224
416|5225
311|5226
389|5227
393|5228
397|5229
18|5230
286|5231
179|5232
311|5233
59|5234
40|5235
105|5236
155|5237
274|5238
459|5239
95|5240
3|5241
113|5242
20|5243
489|5244
464|5245
209|5246
93|5247
305|5248
484|5249
302|5250
113|5251
285|5252
344|5253
149|5254
485|5255
189|5256
58|5257
102|5258
181|5259
74|5260
118|5261
239|5262
391|5263
261|5264
56|5265
453|5266
155|5267
391|5268
488|5269
309|5270
66|5271
271|5272
281|5273
156|5274
409|5275
130|5276
394|5277
125|5278
228|5279
212|5280
67|5281
319|5282
97|5283
430|5284
276|5285
474|5286
328|5287
57|5288
471|5289
359|5290
324|5291
463|5292
377|5293
377|5294
120|5295
247|5296
227|5297
391|5298
449|5299
118|5300
413|5301
289|5302
131|5303
293|5304
71|5305
267|5306
294|5307
107|5308
243|5309
248|5310
496|5311
434|5312
286|5313
228|5314
61|5315
205|5316
258|5317
147|5318
200|5319
451|5320
308|5321
355|5322
374|5323
31|5324
324|5325
145|5326
452|5327
414|5328
320|5329
103|5330
215|5331
216|5332
330|5333
119|5334
78|5335
61|5336
9|5337
372|5338
339|5339
121|5340
51|5341
473|5342
462|5343
53|5344
55|5345
391|5346
182|5347
12|5348
197|5349
179|5350
218|5351
158|5352
21|5353
198|5354
228|5355
449|5356
306|5357
392|5358
244|5359
500|5360
200|5361
89|5362
121|5363
143|5364
189|5365
238|5366
457|5367
93|5368
15|5369
207|5370
439|5371
428|5372
158|5373
408|5374
184|5375
205|5376
373|5377
188|5378
500|5379
108|5380
110|5381
351|5382
369|5383
440|5384
465|5385
323|5386
221|5387
298|5388
204|5389
210|5390
101|5391
106|5392
273|5393
373|5394
72|5395
110|5396
183|5397
209|5398
35|5399
34|5400
32|5401
373|5402
145|5403
328|5404
52|5405
214|5406
214|5407
62|5408
283|5409
305|5410
435|5411
472|5412
378|5413
331|5414
313|5415
31|5416
407|5417
192|5418
238|5419
438|5420
95|5421
150|5422
498|5423
12|5424
32|5425
457|5426
60|5427
501|5428
241|5429
410|5430
110|5431
398|5432
350|5433
132|5434
249|5435
289|5436
373|5437
93|5438
54|5439
380|5440
302|5441
265|5442
124|5443
26|5444
215|5445
411|5446
119|5447
334|5448
376|5449
8|5450
475|5451
199|5452
47|5453
184|5454
430|5455
327|5456
350|5457
399|5458
59|5459
21|5460
359|5461
388|5462
187|5463
134|5464
126|5465
49|5466
446|5467
461|5468
358|5469
243|5470
220|5471
387|5472
449|5473
423|5474
451|5475
51|5476
269|5477
372|5478
404|5479
179|5480
151|5481
130|5482
83|5483
10|5484
473|5485
313|5486
396|5487
243|5488
395|5489
296|5490
44|5491
320|5492
20|5493
33|5494
471|5495
228|5496
20|5497
182|5498
92|5499
91|5500
51|5501
325|5502
129|5503
235|5504
203|5505
179|5506
386|5507
411|5508
156|5509
408|5510
172|5511
405|5512
164|5513
135|5514
20|5515
177|5516
485|5517
249|5518
376|5519
69|5520
434|5521
183|5522
343|5523
382|5524
357|5525
446|5526
445|5527
299|5528
387|5529
124|5530
305|5531
468|5532
493|5533
103|5534
128|5535
348|5536
164|5537
371|5538
308|5539
57|5540
97|5541
243|5542
276|5543
92|5544
395|5545
217|5546
15|5547
386|5548
402|5549
45|5550
347|5551
427|5552
439|5553
453|5554
97|5555
452|5556
496|5557
487|5558
474|5559
384|5560
195|5561
83|5562
487|5563
329|5564
149|5565
442|5566
291|5567
123|5568
97|5569
381|5570
45|5571
330|5572
170|5573
392|5574
252|5575
113|5576
198|5577
425|5578
41|5579
158|5580
95|5581
39|5582
434|5583
463|5584
312|5585
158|5586
241|5587
44|5588
320|5589
424|5590
399|5591
390|5592
141|5593
151|5594
395|5595
78|5596
100|5597
185|5598
354|5599
419|5600
86|5601
166|5602
487|5603
375|5604
192|5605
456|5606
41|5607
391|5608
220|5609
244|5610
465|5611
183|5612
335|5613
125|5614
67|5615
171|5616
194|5617
96|5618
208|5619
486|5620
238|5621
216|5622
407|5623
478|5624
213|5625
97|5626
455|5627
480|5628
216|5629
293|5630
304|5631
258|5632
213|5633
317|5634
84|5635
73|5636
276|5637
209|5638
189|5639
451|5640
413|5641
427|5642
321|5643
162|5644
225|5645
96|5646
268|5647
151|5648
290|5649
30|5650
364|5651
82|5652
182|5653
291|5654
422|5655
63|5656
415|5657
13|5658
273|5659
246|5660
157|5661
435|5662
439|5663
46|5664
48|5665
400|5666
361|5667
175|5668
21|5669
44|5670
476|5671
47|5672
370|5673
273|5674
423|5675
200|5676
191|5677
357|5678
488|5679
482|5680
465|5681
28|5682
31|5683
404|5684
22|5685
417|5686
191|5687
280|5688
476|5689
171|5690
204|5691
300|5692
463|5693
438|5694
10|5695
489|5696
244|5697
405|5698
147|5699
82|5700
410|5701
254|5702
252|5703
10|5704
387|5705
206|5706
450|5707
6|5708
210|5709
394|5710
239|5711
227|5712
454|5713
420|5714
341|5715
352|5716
361|5717
274|5718
93|5719
148|5720
89|5721
186|5722
161|5723
342|5724
3|5725
183|5726
341|5727
367|5728
356|5729
271|5730
197|5731
179|5732
253|5733
493|5734
312|5735
339|5736
342|5737
146|5738
407|5739
161|5740
130|5741
37|5742
44|5743
161|5744
332|5745
242|5746
2|5747
29|5748
185|5749
459|5750
278|5751
271|5752
213|5753
272|5754
54|5755
256|5756
136|5757
362|5758
447|5759
98|5760
25|5761
400|5762
489|5763
173|5764
119|5765
394|5766
4|5767
31|5768
336|5769
181|5770
196|5771
500|5772
313|5773
300|5774
99|5775
411|5776
54|5777
479|5778
384|5779
497|5780
268|5781
251|5782
53|5783
346|5784
55|5785
474|5786
237|5787
279|5788
181|5789
235|5790
100|5791
141|5792
227|5793
86|5794
408|5795
3|5796
110|5797
436|5798
490|5799
439|5800
1|5801
450|5802
340|5803
389|5804
402|5805
55|5806
316|5807
240|5808
493|5809
314|5810
124|5811
387|5812
458|5813
385|5814
176|5815
27|5816
368|5817
111|5818
376|5819
277|5820
237|5821
256|5822
329|5823
487|5824
322|5825
18|5826
68|5827
5|5828
16|5829
488|5830
257|5831
246|5832
425|5833
86|5834
106|5835
143|5836
181|5837
445|5838
365|5839
27|5840
439|5841
205|5842
259|5843
155|5844
116|5845
458|5846
386|5847
30|5848
129|5849
188|5850
326|5851
52|5852
428|5853
198|5854
46|5855
24|5856
136|5857
227|5858
494|5859
316|5860
293|5861
289|5862
445|5863
203|5864
416|5865
236|5866
84|5867
154|5868
305|5869
467|5870
399|5871
350|5872
272|5873
380|5874
357|5875
375|5876
388|5877
495|5878
52|5879
413|5880
328|5881
317|5882
36|5883
333|5884
412|5885
34|5886
268|5887
169|5888
451|5889
386|5890
321|5891
217|5892
19|5893
322|5894
239|5895
420|5896
473|5897
69|5898
133|5899
423|5900
326|5901
470|5902
55|5903
372|5904
267|5905
132|5906
399|5907
472|5908
184|5909
64|5910
314|5911
241|5912
72|5913
117|5914
349|5915
477|5916
439|5917
198|5918
410|5919
14|5920
227|5921
207|5922
482|5923
227|5924
308|5925
149|5926
168|5927
3|5928
495|5929
133|5930
131|5931
245|5932
448|5933
91|5934
476|5935
185|5936
323|5937
119|5938
186|5939
368|5940
472|5941
375|5942
384|5943
297|5944
326|5945
80|5946
41|5947
426|5948
251|5949
305|5950
269|5951
488|5952
342|5953
273|5954
358|5955
119|5956
32|5957
46|5958
106|5959
396|5960
110|5961
46|5962
298|5963
139|5964
316|5965
487|5966
379|5967
227|5968
356|5969
119|5970
5|5971
32|5972
402|5973
283|5974
371|5975
5|5976
279|5977
276|5978
433|5979
476|5980
487|5981
457|5982
501|5983
373|5984
37|5985
26|5986
177|5987
416|5988
442|5989
17|5990
47|5991
347|5992
353|5993
296|5994
493|5995
209|5996
58|5997
320|5998
468|5999
225|6000
99|6001
154|6002
361|6003
296|6004
339|6005
130|6006
235|6007
431|6008
446|6009
465|6010
175|6011
360|6012
309|6013
105|6014
319|6015
40|6016
424|6017
58|6018
418|6019
51|6020
398|6021
8|6022
364|6023
55|6024
431|6025
177|6026
414|6027
45|6028
159|6029
229|6030
28|6031
306|6032
389|6033
193|6034
396|6035
475|6036
478|6037
125|6038
496|6039
176|6040
42|6041
25|6042
337|6043
467|6044
480|6045
274|6046
469|6047
162|6048
432|6049
268|6050
492|6051
124|6052
11|6053
125|6054
419|6055
352|6056
94|6057
394|6058
42|6059
497|6060
172|6061
298|6062
167|6063
454|6064
342|6065
396|6066
53|6067
175|6068
464|6069
6|6070
247|6071
460|6072
332|6073
133|6074
67|6075
91|6076
232|6077
115|6078
299|6079
282|6080
406|6081
62|6082
165|6083
230|6084
115|6085
165|6086
426|6087
232|6088
264|6089
176|6090
275|6091
334|6092
144|6093
411|6094
461|6095
214|6096
170|6097
330|6098
302|6099
435|6100
135|6101
46|6102
438|6103
454|6104
89|6105
426|6106
340|6107
17|6108
400|6109
8|6110
236|6111
9|6112
356|6113
34|6114
288|6115
93|6116
60|6117
283|6118
490|6119
430|6120
114|6121
101|6122
332|6123
428|6124
386|6125
60|6126
327|6127
158|6128
168|6129
312|6130
344|6131
224|6132
456|6133
102|6134
62|6135
112|6136
145|6137
322|6138
184|6139
52|6140
87|6141
368|6142
464|6143
77|6144
213|6145
274|6146
370|6147
78|6148
147|6149
331|6150
226|6151
114|6152
232|6153
343|6154
208|6155
495|6156
407|6157
202|6158
147|6159
269|6160
385|6161
5|6162
21|6163
427|6164
179|6165
70|6166
199|6167
113|6168
154|6169
391|6170
142|6171
36|6172
453|6173
106|6174
83|6175
443|6176
112|6177
387|6178
226|6179
382|6180
156|6181
459|6182
350|6183
81|6184
166|6185
317|6186
277|6187
195|6188
93|6189
316|6190
262|6191
49|6192
97|6193
441|6194
299|6195
299|6196
312|6197
372|6198
417|6199
3|6200
125|6201
435|6202
65|6203
224|6204
453|6205
370|6206
284|6207
438|6208
112|6209
67|6210
102|6211
467|6212
331|6213
362|6214
455|6215
225|6216
91|6217
67|6218
242|6219
87|6220
429|6221
174|6222
240|6223
73|6224
248|6225
345|6226
476|6227
222|6228
94|6229
25|6230
237|6231
429|6232
345|6233
417|6234
174|6235
333|6236
495|6237
368|6238
157|6239
308|6240
128|6241
383|6242
218|6243
155|6244
319|6245
463|6246
258|6247
453|6248
377|6249
73|6250
429|6251
200|6252
169|6253
22|6254
211|6255
1|6256
328|6257
347|6258
425|6259
494|6260
213|6261
345|6262
270|6263
58|6264
29|6265
165|6266
433|6267
86|6268
315|6269
82|6270
501|6271
445|6272
423|6273
70|6274
414|6275
177|6276
190|6277
483|6278
137|6279
180|6280
293|6281
271|6282
318|6283
449|6284
403|6285
172|6286
48|6287
270|6288
237|6289
315|6290
133|6291
224|6292
106|6293
256|6294
291|6295
401|6296
361|6297
203|6298
195|6299
105|6300
143|6301
448|6302
83|6303
441|6304
172|6305
72|6306
278|6307
488|6308
367|6309
135|6310
288|6311
95|6312
301|6313
447|6314
43|6315
342|6316
180|6317
428|6318
36|6319
163|6320
331|6321
136|6322
319|6323
240|6324
399|6325
449|6326
444|6327
331|6328
496|6329
105|6330
246|6331
380|6332
2|6333
126|6334
369|6335
11|6336
94|6337
491|6338
117|6339
172|6340
261|6341
255|6342
384|6343
132|6344
169|6345
385|6346
174|6347
348|6348
326|6349
300|6350
169|6351
494|6352
420|6353
65|6354
308|6355
162|6356
188|6357
480|6358
492|6359
278|6360
468|6361
428|6362
370|6363
230|6364
473|6365
376|6366
237|6367
13|6368
69|6369
189|6370
216|6371
244|6372
148|6373
495|6374
311|6375
167|6376
202|6377
306|6378
194|6379
5|6380
226|6381
355|6382
49|6383
213|6384
59|6385
120|6386
1|6387
290|6388
46|6389
377|6390
156|6391
361|6392
371|6393
126|6394
247|6395
440|6396
225|6397
302|6398
377|6399
254|6400
370|6401
212|6402
199|6403
313|6404
338|6405
173|6406
70|6407
9|6408
24|6409
476|6410
23|6411
67|6412
25|6413
284|6414
25|6415
361|6416
372|6417
23|6418
332|6419
1|6420
286|6421
384|6422
226|6423
329|6424
60|6425
185|6426
358|6427
126|6428
126|6429
457|6430
326|6431
5|6432
131|6433
371|6434
235|6435
254|6436
430|6437
296|6438
478|6439
378|6440
367|6441
358|6442
91|6443
359|6444
36|6445
129|6446
294|6447
90|6448
145|6449
161|6450
123|6451
183|6452
273|6453
311|6454
255|6455
367|6456
347|6457
78|6458
103|6459
71|6460
142|6461
135|6462
21|6463
5|6464
348|6465
17|6466
449|6467
462|6468
454|6469
193|6470
167|6471
150|6472
219|6473
80|6474
75|6475
250|6476
336|6477
2|6478
471|6479
28|6480
262|6481
102|6482
386|6483
184|6484
64|6485
454|6486
16|6487
163|6488
326|6489
318|6490
284|6491
265|6492
381|6493
363|6494
396|6495
246|6496
25|6497
465|6498
86|6499
124|6500
307|6501
404|6502
343|6503
74|6504
246|6505
136|6506
278|6507
388|6508
7|6509
183|6510
39|6511
18|6512
128|6513
283|6514
183|6515
314|6516
265|6517
210|6518
97|6519
452|6520
261|6521
209|6522
126|6523
470|6524
452|6525
196|6526
258|6527
484|6528
30|6529
483|6530
154|6531
469|6532
122|6533
75|6534
256|6535
244|6536
4|6537
476|6538
484|6539
115|6540
341|6541
354|6542
51|6543
421|6544
465|6545
166|6546
280|6547
38|6548
367|6549
431|6550
45|6551
454|6552
157|6553
269|6554
258|6555
444|6556
163|6557
132|6558
307|6559
225|6560
313|6561
110|6562
446|6563
412|6564
221|6565
218|6566
114|6567
439|6568
47|6569
96|6570
176|6571
64|6572
59|6573
126|6574
116|6575
355|6576
164|6577
39|6578
492|6579
230|6580
307|6581
469|6582
487|6583
61|6584
58|6585
74|6586
109|6587
320|6588
278|6589
305|6590
25|6591
135|6592
172|6593
475|6594
444|6595
139|6596
408|6597
15|6598
41|6599
333|6600
501|6601
250|6602
407|6603
456|6604
294|6605
401|6606
426|6607
378|6608
199|6609
496|6610
192|6611
244|6612
385|6613
448|6614
477|6615
401|6616
436|6617
317|6618
2|6619
73|6620
275|6621
366|6622
297|6623
233|6624
452|6625
82|6626
203|6627
420|6628
236|6629
303|6630
450|6631
1|6632
198|6633
56|6634
316|6635
449|6636
367|6637
305|6638
115|6639
59|6640
323|6641
17|6642
258|6643
236|6644
396|6645
119|6646
136|6647
35|6648
477|6649
420|6650
495|6651
40|6652
498|6653
149|6654
141|6655
201|6656
27|6657
342|6658
291|6659
63|6660
133|6661
405|6662
408|6663
392|6664
3|6665
103|6666
75|6667
253|6668
380|6669
5|6670
24|6671
158|6672
27|6673
366|6674
499|6675
251|6676
170|6677
281|6678
167|6679
315|6680
187|6681
37|6682
339|6683
423|6684
31|6685
329|6686
293|6687
488|6688
9|6689
114|6690
195|6691
112|6692
132|6693
9|6694
376|6695
140|6696
423|6697
404|6698
125|6699
303|6700
367|6701
57|6702
370|6703
279|6704
346|6705
186|6706
217|6707
457|6708
447|6709
425|6710
25|6711
3|6712
290|6713
357|6714
430|6715
183|6716
249|6717
261|6718
366|6719
73|6720
120|6721
384|6722
179|6723
414|6724
358|6725
212|6726
231|6727
256|6728
400|6729
491|6730
16|6731
361|6732
458|6733
232|6734
308|6735
303|6736
168|6737
156|6738
11|6739
41|6740
304|6741
344|6742
243|6743
396|6744
140|6745
27|6746
425|6747
167|6748
31|6749
231|6750
287|6751
263|6752
402|6753
85|6754
495|6755
300|6756
393|6757
308|6758
395|6759
490|6760
15|6761
153|6762
8|6763
182|6764
227|6765
36|6766
198|6767
20|6768
311|6769
71|6770
112|6771
255|6772
171|6773
226|6774
382|6775
102|6776
347|6777
138|6778
422|6779
185|6780
389|6781
373|6782
363|6783
260|6784
312|6785
408|6786
315|6787
31|6788
9|6789
357|6790
392|6791
456|6792
237|6793
495|6794
211|6795
483|6796
79|6797
195|6798
500|6799
275|6800
164|6801
350|6802
106|6803
353|6804
416|6805
245|6806
157|6807
3|6808
117|6809
74|6810
180|6811
177|6812
59|6813
325|6814
391|6815
59|6816
289|6817
25|6818
348|6819
358|6820
501|6821
54|6822
319|6823
241|6824
400|6825
115|6826
229|6827
254|6828
348|6829
265|6830
282|6831
431|6832
113|6833
487|6834
361|6835
6|6836
113|6837
462|6838
340|6839
78|6840
119|6841
122|6842
47|6843
282|6844
281|6845
266|6846
46|6847
403|6848
342|6849
254|6850
158|6851
436|6852
499|6853
113|6854
147|6855
265|6856
171|6857
343|6858
259|6859
348|6860
146|6861
469|6862
424|6863
87|6864
439|6865
369|6866
501|6867
323|6868
118|6869
60|6870
16|6871
19|6872
98|6873
241|6874
72|6875
187|6876
223|6877
380|6878
490|6879
220|6880
410|6881
182|6882
234|6883
346|6884
7|6885
400|6886
266|6887
63|6888
74|6889
34|6890
269|6891
345|6892
370|6893
185|6894
425|6895
460|6896
130|6897
5|6898
106|6899
49|6900
117|6901
480|6902
39|6903
215|6904
302|6905
46|6906
35|6907
19|6908
28|6909
179|6910
228|6911
173|6912
380|6913
209|6914
198|6915
366|6916
149|6917
391|6918
400|6919
200|6920
96|6921
173|6922
359|6923
236|6924
436|6925
49|6926
168|6927
430|6928
124|6929
39|6930
262|6931
42|6932
377|6933
136|6934
11|6935
185|6936
190|6937
331|6938
238|6939
174|6940
310|6941
91|6942
116|6943
350|6944
209|6945
473|6946
328|6947
111|6948
229|6949
213|6950
476|6951
247|6952
412|6953
423|6954
240|6955
265|6956
80|6957
471|6958
204|6959
344|6960
3|6961
309|6962
262|6963
406|6964
218|6965
476|6966
218|6967
369|6968
96|6969
393|6970
283|6971
170|6972
460|6973
85|6974
417|6975
145|6976
273|6977
404|6978
180|6979
493|6980
374|6981
207|6982
457|6983
378|6984
295|6985
475|6986
233|6987
320|6988
5|6989
157|6990
335|6991
371|6992
261|6993
212|6994
160|6995
100|6996
203|6997
452|6998
485|6999
127|7000
337|7001
98|7002
156|7003
78|7004
41|7005
194|7006
416|7007
483|7008
410|7009
383|7010
111|7011
185|7012
22|7013
97|7014
435|7015
163|7016
406|7017
66|7018
144|7019
7|7020
81|7021
375|7022
83|7023
470|7024
49|7025
155|7026
388|7027
104|7028
218|7029
75|7030
2|7031
71|7032
258|7033
453|7034
469|7035
344|7036
72|7037
372|7038
485|7039
167|7040
443|7041
326|7042
483|7043
97|7044
416|7045
155|7046
152|7047
181|7048
164|7049
183|7050
1|7051
102|7052
125|7053
464|7054
397|7055
449|7056
50|7057
73|7058
18|7059
8|7060
258|7061
191|7062
178|7063
275|7064
96|7065
29|7066
251|7067
101|7068
419|7069
395|7070
207|7071
383|7072
66|7073
59|7074
256|7075
78|7076
12|7077
419|7078
461|7079
500|7080
433|7081
302|7082
348|7083
389|7084
334|7085
185|7086
245|7087
216|7088
310|7089
453|7090
115|7091
498|7092
292|7093
160|7094
280|7095
231|7096
74|7097
231|7098
5|7099
47|7100
115|7101
399|7102
238|7103
288|7104
270|7105
172|7106
377|7107
371|7108
339|7109
428|7110
168|7111
427|7112
498|7113
421|7114
200|7115
63|7116
314|7117
420|7118
206|7119
265|7120
382|7121
405|7122
339|7123
198|7124
90|7125
453|7126
459|7127
304|7128
214|7129
364|7130
283|7131
289|7132
113|7133
228|7134
185|7135
90|7136
219|7137
440|7138
177|7139
42|7140
249|7141
62|7142
232|7143
197|7144
126|7145
239|7146
280|7147
321|7148
190|7149
443|7150
44|7151
306|7152
184|7153
474|7154
193|7155
265|7156
302|7157
177|7158
159|7159
416|7160
17|7161
414|7162
61|7163
245|7164
403|7165
438|7166
344|7167
350|7168
77|7169
184|7170
290|7171
209|7172
489|7173
252|7174
195|7175
483|7176
356|7177
425|7178
339|7179
396|7180
454|7181
295|7182
235|7183
157|7184
67|7185
375|7186
86|7187
171|7188
36|7189
293|7190
197|7191
146|7192
490|7193
282|7194
38|7195
134|7196
219|7197
22|7198
498|7199
384|7200
120|7201
256|7202
225|7203
129|7204
230|7205
159|7206
94|7207
320|7208
11|7209
118|7210
497|7211
445|7212
296|7213
2|7214
282|7215
64|7216
427|7217
487|7218
225|7219
501|7220
426|7221
309|7222
6|7223
53|7224
483|7225
152|7226
76|7227
93|7228
467|7229
257|7230
250|7231
113|7232
313|7233
164|7234
253|7235
378|7236
193|7237
148|7238
89|7239
338|7240
413|7241
334|7242
461|7243
126|7244
22|7245
486|7246
80|7247
38|7248
210|7249
363|7250
498|7251
265|7252
275|7253
391|7254
124|7255
463|7256
249|7257
243|7258
212|7259
281|7260
495|7261
455|7262
89|7263
355|7264
247|7265
371|7266
39|7267
415|7268
185|7269
16|7270
444|7271
363|7272
233|7273
260|7274
224|7275
321|7276
369|7277
252|7278
232|7279
192|7280
191|7281
464|7282
430|7283
300|7284
472|7285
334|7286
218|7287
434|7288
245|7289
220|7290
93|7291
388|7292
234|7293
261|7294
65|7295
70|7296
244|7297
197|7298
406|7299
413|7300
280|7301
88|7302
104|7303
55|7304
5|7305
65|7306
82|7307
117|7308
359|7309
174|7310
300|7311
56|7312
467|7313
296|7314
299|7315
453|7316
177|7317
16|7318
231|7319
229|7320
118|7321
230|7322
7|7323
119|7324
482|7325
405|7326
133|7327
16|7328
459|7329
173|7330
142|7331
475|7332
394|7333
74|7334
72|7335
88|7336
22|7337
312|7338
389|7339
63|7340
229|7341
78|7342
245|7343
175|7344
8|7345
103|7346
65|7347
344|7348
36|7349
338|7350
262|7351
330|7352
367|7353
233|7354
311|7355
231|7356
336|7357
54|7358
211|7359
375|7360
262|7361
428|7362
248|7363
245|7364
147|7365
222|7366
295|7367
21|7368
145|7369
36|7370
493|7371
273|7372
144|7373
101|7374
15|7375
9|7376
204|7377
95|7378
442|7379
241|7380
16|7381
88|7382
289|7383
464|7384
114|7385
426|7386
490|7387
39|7388
28|7389
289|7390
272|7391
296|7392
450|7393
202|7394
218|7395
417|7396
124|7397
294|7398
456|7399
360|7400
178|7401
171|7402
446|7403
478|7404
73|7405
318|7406
289|7407
294|7408
421|7409
378|7410
140|7411
45|7412
34|7413
147|7414
53|7415
77|7416
358|7417
356|7418
331|7419
31|7420
291|7421
63|7422
381|7423
345|7424
158|7425
2|7426
140|7427
178|7428
70|7429
487|7430
390|7431
236|7432
348|7433
356|7434
49|7435
443|7436
427|7437
170|7438
117|7439
412|7440
421|7441
117|7442
169|7443
21|7444
180|7445
29|7446
288|7447
159|7448
203|7449
426|7450
418|7451
439|7452
242|7453
54|7454
416|7455
219|7456
236|7457
5|7458
292|7459
139|7460
322|7461
430|7462
306|7463
264|7464
290|7465
403|7466
394|7467
368|7468
234|7469
353|7470
132|7471
184|7472
44|7473
147|7474
89|7475
40|7476
374|7477
261|7478
228|7479
278|7480
17|7481
15|7482
440|7483
465|7484
220|7485
452|7486
112|7487
404|7488
142|7489
239|7490
259|7491
362|7492
463|7493
107|7494
427|7495
292|7496
465|7497
246|7498
468|7499
205|7500
354|7501
33|7502
244|7503
244|7504
112|7505
4|7506
320|7507
401|7508
439|7509
335|7510
35|7511
348|7512
379|7513
341|7514
478|7515
4|7516
70|7517
319|7518
45|7519
327|7520
310|7521
376|7522
422|7523
274|7524
121|7525
246|7526
375|7527
9|7528
113|7529
417|7530
221|7531
288|7532
384|7533
58|7534
96|7535
424|7536
241|7537
132|7538
427|7539
3|7540
148|7541
181|7542
486|7543
221|7544
256|7545
390|7546
464|7547
447|7548
111|7549
322|7550
61|7551
493|7552
157|7553
224|7554
150|7555
307|7556
370|7557
37|7558
101|7559
125|7560
481|7561
90|7562
266|7563
356|7564
480|7565
71|7566
355|7567
183|7568
466|7569
52|7570
415|7571
263|7572
87|7573
413|7574
213|7575
501|7576
248|7577
237|7578
266|7579
296|7580
235|7581
233|7582
239|7583
280|7584
19|7585
337|7586
275|7587
182|7588
438|7589
30|7590
244|7591
312|7592
126|7593
489|7594
443|7595
40|7596
145|7597
337|7598
1|7599
124|7600
211|7601
115|7602
252|7603
200|7604
317|7605
195|7606
334|7607
279|7608
5|7609
3|7610
52|7611
241|7612
116|7613
37|7614
158|7615
310|7616
217|7617
419|7618
232|7619
423|7620
372|7621
168|7622
285|7623
285|7624
54|7625
232|7626
246|7627
20|7628
22|7629
336|7630
61|7631
366|7632
154|7633
369|7634
84|7635
261|7636
464|7637
445|7638
16|7639
41|7640
68|7641
256|7642
291|7643
34|7644
354|7645
377|7646
99|7647
211|7648
424|7649
160|7650
294|7651
82|7652
360|7653
181|7654
336|7655
215|7656
212|7657
46|7658
288|7659
201|7660
126|7661
261|7662
371|7663
134|7664
83|7665
473|7666
123|7667
66|7668
108|7669
225|7670
51|7671
195|7672
141|7673
414|7674
151|7675
464|7676
248|7677
348|7678
14|7679
50|7680
251|7681
283|7682
356|7683
332|7684
168|7685
148|7686
171|7687
367|7688
262|7689
342|7690
471|7691
235|7692
244|7693
48|7694
276|7695
348|7696
106|7697
448|7698
481|7699
136|7700
274|7701
452|7702
21|7703
406|7704
130|7705
162|7706
309|7707
71|7708
337|7709
159|7710
169|7711
492|7712
342|7713
17|7714
458|7715
256|7716
243|7717
167|7718
437|7719
219|7720
312|7721
305|7722
212|7723
268|7724
88|7725
429|7726
49|7727
190|7728
436|7729
496|7730
219|7731
353|7732
432|7733
462|7734
120|7735
286|7736
465|7737
255|7738
11|7739
498|7740
95|7741
417|7742
260|7743
406|7744
245|7745
55|7746
177|7747
472|7748
439|7749
391|7750
138|7751
151|7752
480|7753
213|7754
6|7755
418|7756
24|7757
295|7758
462|7759
421|7760
369|7761
410|7762
469|7763
269|7764
3|7765
55|7766
396|7767
135|7768
318|7769
199|7770
41|7771
397|7772
163|7773
72|7774
490|7775
111|7776
363|7777
85|7778
63|7779
317|7780
181|7781
361|7782
413|7783
2|7784
76|7785
464|7786
286|7787
136|7788
7|7789
245|7790
79|7791
148|7792
63|7793
233|7794
225|7795
357|7796
324|7797
40|7798
298|7799
382|7800
149|7801
354|7802
67|7803
27|7804
323|7805
401|7806
8|7807
327|7808
103|7809
250|7810
445|7811
148|7812
439|7813
321|7814
417|7815
377|7816
477|7817
218|7818
426|7819
360|7820
402|7821
467|7822
60|7823
324|7824
262|7825
482|7826
235|7827
435|7828
144|7829
31|7830
57|7831
267|7832
436|7833
243|7834
34|7835
257|7836
385|7837
134|7838
479|7839
244|7840
209|7841
286|7842
371|7843
405|7844
272|7845
407|7846
461|7847
269|7848
404|7849
380|7850
377|7851
371|7852
350|7853
107|7854
202|7855
131|7856
101|7857
421|7858
177|7859
387|7860
360|7861
424|7862
128|7863
297|7864
34|7865
271|7866
156|7867
365|7868
35|7869
205|7870
226|7871
439|7872
261|7873
459|7874
289|7875
39|7876
318|7877
447|7878
405|7879
348|7880
325|7881
369|7882
408|7883
407|7884
258|7885
349|7886
101|7887
12|7888
423|7889
476|7890
18|7891
147|7892
257|7893
383|7894
180|7895
149|7896
303|7897
40|7898
257|7899
328|7900
350|7901
266|7902
125|7903
279|7904
248|7905
137|7906
256|7907
95|7908
410|7909
283|7910
434|7911
192|7912
192|7913
403|7914
265|7915
102|7916
384|7917
285|7918
256|7919
457|7920
248|7921
453|7922
459|7923
289|7924
407|7925
91|7926
113|7927
19|7928
489|7929
160|7930
426|7931
349|7932
380|7933
111|7934
31|7935
480|7936
303|7937
14|7938
33|7939
475|7940
115|7941
232|7942
466|7943
415|7944
103|7945
121|7946
501|7947
342|7948
265|7949
93|7950
86|7951
419|7952
360|7953
274|7954
47|7955
477|7956
369|7957
75|7958
340|7959
283|7960
191|7961
177|7962
290|7963
406|7964
310|7965
441|7966
273|7967
366|7968
420|7969
367|7970
55|7971
390|7972
334|7973
354|7974
90|7975
122|7976
425|7977
426|7978
268|7979
483|7980
471|7981
124|7982
190|7983
382|7984
51|7985
76|7986
404|7987
398|7988
164|7989
303|7990
375|7991
61|7992
327|7993
403|7994
199|7995
277|7996
138|7997
352|7998
328|7999
195|8000
216|8001
53|8002
401|8003
28|8004
402|8005
141|8006
391|8007
369|8008
364|8009
317|8010
53|8011
106|8012
197|8013
410|8014
466|8015
53|8016
200|8017
6|8018
399|8019
48|8020
303|8021
341|8022
166|8023
180|8024
176|8025
150|8026
491|8027
208|8028
384|8029
496|8030
328|8031
286|8032
114|8033
18|8034
107|8035
473|8036
83|8037
312|8038
179|8039
39|8040
291|8041
112|8042
324|8043
142|8044
198|8045
17|8046
152|8047
101|8048
399|8049
306|8050
7|8051
49|8052
122|8053
173|8054
501|8055
251|8056
141|8057
52|8058
233|8059
322|8060
335|8061
16|8062
134|8063
180|8064
152|8065
407|8066
32|8067
301|8068
346|8069
488|8070
248|8071
500|8072
326|8073
227|8074
294|8075
293|8076
161|8077
160|8078
171|8079
84|8080
59|8081
373|8082
348|8083
475|8084
335|8085
387|8086
137|8087
489|8088
165|8089
426|8090
369|8091
24|8092
226|8093
415|8094
296|8095
117|8096
67|8097
374|8098
91|8099
181|8100
230|8101
362|8102
470|8103
122|8104
216|8105
132|8106
372|8107
129|8108
193|8109
153|8110
17|8111
390|8112
259|8113
247|8114
288|8115
352|8116
476|8117
346|8118
443|8119
238|8120
351|8121
3|8122
279|8123
247|8124
307|8125
466|8126
477|8127
453|8128
433|8129
398|8130
411|8131
150|8132
370|8133
432|8134
121|8135
271|8136
329|8137
72|8138
399|8139
62|8140
222|8141
230|8142
120|8143
171|8144
207|8145
463|8146
32|8147
351|8148
243|8149
121|8150
193|8151
219|8152
385|8153
28|8154
331|8155
52|8156
85|8157
123|8158
266|8159
167|8160
180|8161
219|8162
277|8163
457|8164
420|8165
471|8166
128|8167
153|8168
178|8169
469|8170
461|8171
8|8172
309|8173
62|8174
256|8175
337|8176
74|8177
306|8178
466|8179
441|8180
142|8181
300|8182
156|8183
347|8184
340|8185
468|8186
234|8187
396|8188
278|8189
114|8190
202|8191
366|8192
490|8193
421|8194
353|8195
295|8196
133|8197
387|8198
219|8199
222|8200
263|8201
414|8202
492|8203
303|8204
218|8205
296|8206
456|8207
192|8208
303|8209
112|8210
170|8211
459|8212
293|8213
194|8214
194|8215
84|8216
174|8217
265|8218
291|8219
179|8220
75|8221
369|8222
263|8223
364|8224
12|8225
493|8226
241|8227
94|8228
270|8229
7|8230
492|8231
292|8232
132|8233
275|8234
109|8235
134|8236
300|8237
386|8238
446|8239
333|8240
10|8241
215|8242
469|8243
323|8244
141|8245
31|8246
46|8247
92|8248
195|8249
188|8250
403|8251
150|8252
364|8253
348|8254
111|8255
415|8256
261|8257
65|8258
250|8259
398|8260
200|8261
311|8262
182|8263
233|8264
97|8265
60|8266
340|8267
154|8268
434|8269
398|8270
101|8271
399|8272
363|8273
192|8274
176|8275
391|8276
330|8277
116|8278
244|8279
28|8280
216|8281
363|8282
279|8283
411|8284
142|8285
448|8286
119|8287
417|8288
39|8289
96|8290
374|8291
173|8292
293|8293
143|8294
171|8295
371|8296
334|8297
56|8298
90|8299
191|8300
227|8301
187|8302
389|8303
214|8304
268|8305
306|8306
53|8307
213|8308
69|8309
483|8310
380|8311
252|8312
268|8313
322|8314
251|8315
96|8316
395|8317
140|8318
236|8319
217|8320
230|8321
183|8322
34|8323
21|8324
490|8325
437|8326
152|8327
396|8328
111|8329
325|8330
446|8331
232|8332
303|8333
221|8334
135|8335
84|8336
110|8337
182|8338
304|8339
138|8340
248|8341
138|8342
352|8343
444|8344
452|8345
479|8346
250|8347
52|8348
447|8349
11|8350
338|8351
297|8352
48|8353
408|8354
338|8355
124|8356
287|8357
86|8358
148|8359
145|8360
306|8361
267|8362
352|8363
110|8364
177|8365
462|8366
15|8367
447|8368
403|8369
271|8370
395|8371
399|8372
137|8373
294|8374
92|8375
276|8376
147|8377
277|8378
115|8379
304|8380
182|8381
303|8382
75|8383
398|8384
441|8385
470|8386
396|8387
142|8388
286|8389
74|8390
187|8391
131|8392
74|8393
230|8394
192|8395
353|8396
234|8397
476|8398
60|8399
414|8400
389|8401
410|8402
432|8403
124|8404
173|8405
499|8406
97|8407
165|8408
500|8409
124|8410
156|8411
88|8412
118|8413
122|8414
58|8415
199|8416
101|8417
234|8418
394|8419
225|8420
176|8421
137|8422
214|8423
78|8424
110|8425
305|8426
397|8427
278|8428
491|8429
453|8430
335|8431
216|8432
110|8433
169|8434
92|8435
293|8436
40|8437
162|8438
393|8439
62|8440
413|8441
119|8442
335|8443
182|8444
326|8445
125|8446
315|8447
129|8448
281|8449
144|8450
225|8451
436|8452
414|8453
311|8454
68|8455
164|8456
233|8457
164|8458
327|8459
34|8460
397|8461
484|8462
140|8463
290|8464
16|8465
419|8466
350|8467
330|8468
120|8469
466|8470
123|8471
13|8472
68|8473
181|8474
279|8475
276|8476
250|8477
468|8478
299|8479
307|8480
115|8481
97|8482
220|8483
497|8484
162|8485
428|8486
179|8487
294|8488
486|8489
202|8490
221|8491
412|8492
284|8493
86|8494
39|8495
389|8496
274|8497
228|8498
214|8499
293|8500
274|8501
301|8502
391|8503
441|8504
260|8505
290|8506
245|8507
59|8508
416|8509
447|8510
207|8511
333|8512
321|8513
79|8514
134|8515
352|8516
176|8517
441|8518
244|8519
107|8520
344|8521
171|8522
186|8523
323|8524
347|8525
264|8526
434|8527
390|8528
249|8529
10|8530
466|8531
278|8532
111|8533
171|8534
473|8535
36|8536
159|8537
455|8538
297|8539
34|8540
446|8541
329|8542
148|8543
419|8544
371|8545
390|8546
49|8547
348|8548
189|8549
346|8550
342|8551
416|8552
107|8553
128|8554
485|8555
286|8556
69|8557
350|8558
465|8559
12|8560
77|8561
81|8562
162|8563
462|8564
193|8565
489|8566
131|8567
337|8568
240|8569
457|8570
206|8571
449|8572
41|8573
463|8574
181|8575
369|8576
424|8577
206|8578
408|8579
157|8580
338|8581
21|8582
100|8583
442|8584
79|8585
195|8586
53|8587
416|8588
106|8589
32|8590
151|8591
386|8592
135|8593
252|8594
480|8595
41|8596
162|8597
371|8598
126|8599
251|8600
59|8601
485|8602
487|8603
378|8604
162|8605
78|8606
429|8607
333|8608
243|8609
329|8610
344|8611
88|8612
354|8613
208|8614
13|8615
409|8616
181|8617
198|8618
395|8619
28|8620
393|8621
429|8622
451|8623
42|8624
219|8625
426|8626
278|8627
264|8628
360|8629
460|8630
331|8631
377|8632
14|8633
206|8634
351|8635
445|8636
150|8637
431|8638
407|8639
499|8640
319|8641
437|8642
463|8643
360|8644
48|8645
22|8646
74|8647
193|8648
380|8649
59|8650
207|8651
418|8652
125|8653
216|8654
286|8655
310|8656
254|8657
131|8658
304|8659
410|8660
141|8661
117|8662
385|8663
370|8664
477|8665
293|8666
393|8667
285|8668
312|8669
485|8670
389|8671
339|8672
67|8673
477|8674
264|8675
398|8676
54|8677
39|8678
309|8679
451|8680
487|8681
358|8682
124|8683
126|8684
122|8685
343|8686
40|8687
2|8688
415|8689
456|8690
326|8691
264|8692
469|8693
267|8694
49|8695
413|8696
196|8697
313|8698
195|8699
446|8700
130|8701
170|8702
331|8703
181|8704
294|8705
269|8706
383|8707
398|8708
16|8709
198|8710
271|8711
91|8712
141|8713
222|8714
188|8715
216|8716
12|8717
346|8718
45|8719
355|8720
113|8721
261|8722
348|8723
423|8724
49|8725
484|8726
447|8727
342|8728
440|8729
160|8730
374|8731
419|8732
396|8733
479|8734
493|8735
216|8736
123|8737
286|8738
282|8739
248|8740
146|8741
139|8742
258|8743
421|8744
162|8745
136|8746
197|8747
32|8748
127|8749
394|8750
143|8751
303|8752
439|8753
287|8754
172|8755
172|8756
123|8757
320|8758
198|8759
493|8760
218|8761
438|8762
184|8763
7|8764
103|8765
448|8766
344|8767
161|8768
484|8769
286|8770
46|8771
129|8772
465|8773
318|8774
1|8775
273|8776
424|8777
197|8778
220|8779
276|8780
413|8781
210|8782
311|8783
310|8784
252|8785
143|8786
344|8787
418|8788
476|8789
16|8790
298|8791
263|8792
477|8793
266|8794
42|8795
383|8796
5|8797
382|8798
409|8799
370|8800
391|8801
437|8802
151|8803
98|8804
290|8805
321|8806
29|8807
135|8808
115|8809
213|8810
99|8811
409|8812
206|8813
255|8814
115|8815
153|8816
99|8817
448|8818
136|8819
307|8820
108|8821
432|8822
240|8823
70|8824
72|8825
488|8826
32|8827
238|8828
487|8829
216|8830
387|8831
103|8832
9|8833
416|8834
485|8835
467|8836
239|8837
407|8838
463|8839
94|8840
153|8841
348|8842
295|8843
67|8844
93|8845
141|8846
39|8847
107|8848
462|8849
448|8850
293|8851
351|8852
489|8853
493|8854
458|8855
40|8856
6|8857
12|8858
463|8859
395|8860
106|8861
189|8862
207|8863
173|8864
480|8865
67|8866
38|8867
211|8868
280|8869
181|8870
500|8871
437|8872
379|8873
247|8874
433|8875
139|8876
468|8877
383|8878
210|8879
441|8880
175|8881
184|8882
192|8883
171|8884
378|8885
273|8886
319|8887
391|8888
50|8889
484|8890
67|8891
251|8892
230|8893
345|8894
208|8895
176|8896
265|8897
192|8898
22|8899
232|8900
252|8901
461|8902
230|8903
236|8904
242|8905
404|8906
149|8907
136|8908
3|8909
46|8910
133|8911
304|8912
142|8913
228|8914
378|8915
137|8916
72|8917
327|8918
191|8919
344|8920
484|8921
125|8922
425|8923
436|8924
222|8925
200|8926
289|8927
2|8928
309|8929
85|8930
491|8931
161|8932
401|8933
453|8934
241|8935
467|8936
204|8937
245|8938
306|8939
70|8940
350|8941
379|8942
360|8943
301|8944
97|8945
473|8946
458|8947
130|8948
171|8949
401|8950
16|8951
494|8952
7|8953
186|8954
16|8955
406|8956
156|8957
375|8958
329|8959
250|8960
192|8961
75|8962
186|8963
351|8964
34|8965
180|8966
284|8967
48|8968
366|8969
382|8970
355|8971
338|8972
267|8973
1|8974
79|8975
328|8976
413|8977
12|8978
212|8979
183|8980
403|8981
485|8982
354|8983
9|8984
332|8985
121|8986
500|8987
123|8988
94|8989
21|8990
76|8991
346|8992
60|8993
277|8994
312|8995
141|8996
108|8997
40|8998
59|8999
184|9000
7|9001
129|9002
95|9003
15|9004
162|9005
391|9006
361|9007
426|9008
304|9009
213|9010
498|9011
82|9012
38|9013
430|9014
210|9015
340|9016
418|9017
51|9018
196|9019
118|9020
469|9021
3|9022
241|9023
426|9024
19|9025
133|9026
102|9027
346|9028
493|9029
485|9030
8|9031
352|9032
103|9033
158|9034
119|9035
282|9036
501|9037
226|9038
361|9039
100|9040
101|9041
250|9042
494|9043
459|9044
250|9045
472|9046
170|9047
420|9048
106|9049
147|9050
106|9051
267|9052
332|9053
253|9054
178|9055
491|9056
408|9057
308|9058
293|9059
341|9060
157|9061
79|9062
105|9063
157|9064
249|9065
490|9066
482|9067
131|9068
404|9069
62|9070
65|9071
61|9072
214|9073
160|9074
431|9075
260|9076
319|9077
12|9078
117|9079
284|9080
290|9081
401|9082
179|9083
390|9084
382|9085
291|9086
348|9087
300|9088
257|9089
208|9090
91|9091
146|9092
101|9093
500|9094
122|9095
55|9096
232|9097
55|9098
56|9099
124|9100
58|9101
310|9102
488|9103
53|9104
382|9105
199|9106
449|9107
447|9108
416|9109
87|9110
85|9111
87|9112
273|9113
100|9114
17|9115
261|9116
105|9117
36|9118
300|9119
477|9120
361|9121
480|9122
35|9123
172|9124
309|9125
260|9126
332|9127
91|9128
162|9129
43|9130
41|9131
465|9132
63|9133
382|9134
309|9135
189|9136
118|9137
459|9138
463|9139
47|9140
372|9141
278|9142
488|9143
489|9144
373|9145
40|9146
350|9147
212|9148
77|9149
179|9150
82|9151
146|9152
302|9153
164|9154
276|9155
327|9156
500|9157
447|9158
246|9159
135|9160
19|9161
117|9162
467|9163
306|9164
82|9165
175|9166
2|9167
129|9168
392|9169
475|9170
122|9171
370|9172
191|9173
409|9174
376|9175
45|9176
157|9177
161|9178
271|9179
375|9180
228|9181
309|9182
204|9183
26|9184
387|9185
275|9186
399|9187
53|9188
261|9189
31|9190
347|9191
88|9192
356|9193
234|9194
154|9195
371|9196
368|9197
440|9198
284|9199
433|9200
344|9201
304|9202
9|9203
404|9204
104|9205
275|9206
399|9207
280|9208
94|9209
317|9210
439|9211
109|9212
319|9213
467|9214
357|9215
341|9216
88|9217
219|9218
226|9219
100|9220
183|9221
472|9222
2|9223
379|9224
471|9225
147|9226
201|9227
474|9228
405|9229
202|9230
335|9231
300|9232
218|9233
477|9234
385|9235
289|9236
450|9237
290|9238
172|9239
315|9240
214|9241
400|9242
137|9243
488|9244
273|9245
457|9246
370|9247
65|9248
482|9249
275|9250
352|9251
175|9252
154|9253
480|9254
88|9255
200|9256
246|9257
53|9258
220|9259
150|9260
366|9261
129|9262
329|9263
376|9264
174|9265
46|9266
305|9267
275|9268
373|9269
466|9270
68|9271
303|9272
351|9273
29|9274
88|9275
498|9276
434|9277
130|9278
404|9279
458|9280
169|9281
89|9282
158|9283
424|9284
118|9285
415|9286
364|9287
250|9288
351|9289
209|9290
122|9291
186|9292
239|9293
457|9294
177|9295
210|9296
127|9297
271|9298
444|9299
154|9300
366|9301
102|9302
450|9303
433|9304
61|9305
193|9306
183|9307
91|9308
274|9309
406|9310
27|9311
7|9312
283|9313
260|9314
496|9315
26|9316
458|9317
53|9318
481|9319
18|9320
162|9321
375|9322
392|9323
376|9324
269|9325
60|9326
41|9327
297|9328
189|9329
495|9330
197|9331
133|9332
423|9333
182|9334
370|9335
104|9336
434|9337
429|9338
169|9339
232|9340
243|9341
185|9342
297|9343
280|9344
329|9345
29|9346
370|9347
469|9348
112|9349
32|9350
108|9351
31|9352
85|9353
138|9354
106|9355
57|9356
235|9357
52|9358
490|9359
179|9360
353|9361
206|9362
470|9363
360|9364
474|9365
33|9366
56|9367
343|9368
305|9369
266|9370
121|9371
256|9372
476|9373
86|9374
103|9375
425|9376
62|9377
301|9378
164|9379
73|9380
31|9381
171|9382
437|9383
371|9384
166|9385
283|9386
229|9387
326|9388
176|9389
417|9390
368|9391
72|9392
196|9393
62|9394
352|9395
357|9396
22|9397
82|9398
400|9399
349|9400
200|9401
301|9402
364|9403
359|9404
494|9405
353|9406
466|9407
304|9408
418|9409
94|9410
161|9411
196|9412
451|9413
478|9414
414|9415
237|9416
289|9417
269|9418
245|9419
238|9420
145|9421
362|9422
317|9423
286|9424
68|9425
119|9426
79|9427
423|9428
482|9429
120|9430
381|9431
288|9432
440|9433
334|9434
432|9435
388|9436
209|9437
393|9438
142|9439
390|9440
449|9441
244|9442
174|9443
52|9444
497|9445
454|9446
311|9447
451|9448
76|9449
175|9450
145|9451
129|9452
63|9453
131|9454
136|9455
17|9456
162|9457
501|9458
62|9459
411|9460
240|9461
401|9462
290|9463
14|9464
139|9465
369|9466
408|9467
96|9468
38|9469
244|9470
268|9471
240|9472
214|9473
495|9474
317|9475
116|9476
300|9477
248|9478
349|9479
122|9480
38|9481
140|9482
448|9483
215|9484
83|9485
325|9486
467|9487
206|9488
199|9489
229|9490
219|9491
89|9492
322|9493
34|9494
291|9495
91|9496
405|9497
375|9498
334|9499
145|9500
175|9501
317|9502
385|9503
257|9504
453|9505
452|9506
438|9507
357|9508
322|9509
374|9510
114|9511
482|9512
13|9513
373|9514
246|9515
257|9516
403|9517
341|9518
90|9519
171|9520
343|9521
306|9522
75|9523
482|9524
395|9525
286|9526
312|9527
154|9528
201|9529
363|9530
117|9531
288|9532
17|9533
492|9534
197|9535
482|9536
313|9537
60|9538
345|9539
108|9540
242|9541
288|9542
457|9543
173|9544
38|9545
140|9546
130|9547
142|9548
458|9549
147|9550
192|9551
165|9552
127|9553
333|9554
131|9555
241|9556
151|9557
238|9558
405|9559
49|9560
333|9561
338|9562
166|9563
479|9564
295|9565
64|9566
274|9567
101|9568
490|9569
422|9570
420|9571
155|9572
156|9573
212|9574
94|9575
88|9576
416|9577
145|9578
442|9579
85|9580
14|9581
129|9582
2|9583
499|9584
366|9585
401|9586
291|9587
49|9588
344|9589
436|9590
32|9591
412|9592
471|9593
23|9594
113|9595
450|9596
434|9597
239|9598
321|9599
314|9600
323|9601
88|9602
438|9603
1|9604
79|9605
449|9606
201|9607
315|9608
425|9609
204|9610
474|9611
7|9612
126|9613
265|9614
438|9615
129|9616
398|9617
210|9618
462|9619
216|9620
459|9621
52|9622
322|9623
112|9624
256|9625
192|9626
257|9627
363|9628
423|9629
69|9630
200|9631
335|9632
462|9633
55|9634
432|9635
287|9636
99|9637
22|9638
325|9639
313|9640
146|9641
224|9642
448|9643
239|9644
64|9645
413|9646
386|9647
444|9648
189|9649
122|9650
74|9651
330|9652
439|9653
20|9654
251|9655
60|9656
316|9657
364|9658
371|9659
164|9660
130|9661
194|9662
214|9663
152|9664
123|9665
297|9666
100|9667
384|9668
151|9669
80|9670
288|9671
134|9672
398|9673
249|9674
278|9675
215|9676
414|9677
315|9678
412|9679
318|9680
55|9681
12|9682
162|9683
155|9684
298|9685
331|9686
110|9687
282|9688
172|9689
9|9690
237|9691
432|9692
120|9693
387|9694
338|9695
138|9696
34|9697
13|9698
155|9699
331|9700
37|9701
419|9702
440|9703
355|9704
62|9705
266|9706
473|9707
276|9708
262|9709
339|9710
392|9711
372|9712
235|9713
318|9714
242|9715
328|9716
16|9717
270|9718
461|9719
152|9720
493|9721
341|9722
294|9723
131|9724
220|9725
281|9726
196|9727
478|9728
250|9729
450|9730
273|9731
474|9732
136|9733
321|9734
181|9735
151|9736
152|9737
427|9738
298|9739
71|9740
407|9741
382|9742
254|9743
407|9744
251|9745
153|9746
113|9747
181|9748
281|9749
439|9750
57|9751
78|9752
229|9753
90|9754
30|9755
82|9756
490|9757
216|9758
106|9759
469|9760
355|9761
29|9762
112|9763
336|9764
67|9765
481|9766
362|9767
115|9768
135|9769
280|9770
210|9771
434|9772
180|9773
304|9774
156|9775
65|9776
236|9777
399|9778
244|9779
33|9780
36|9781
340|9782
267|9783
479|9784
345|9785
92|9786
160|9787
286|9788
300|9789
213|9790
289|9791
410|9792
292|9793
86|9794
37|9795
411|9796
343|9797
98|9798
216|9799
132|9800
346|9801
38|9802
408|9803
342|9804
460|9805
48|9806
329|9807
88|9808
177|9809
36|9810
151|9811
37|9812
275|9813
419|9814
220|9815
417|9816
133|9817
39|9818
470|9819
434|9820
61|9821
129|9822
294|9823
402|9824
418|9825
214|9826
188|9827
325|9828
222|9829
229|9830
304|9831
303|9832
257|9833
451|9834
189|9835
361|9836
197|9837
43|9838
334|9839
179|9840
435|9841
66|9842
121|9843
28|9844
417|9845
221|9846
432|9847
73|9848
489|9849
85|9850
248|9851
169|9852
419|9853
39|9854
361|9855
344|9856
222|9857
382|9858
346|9859
355|9860
295|9861
48|9862
16|9863
136|9864
381|9865
114|9866
144|9867
281|9868
441|9869
88|9870
216|9871
245|9872
300|9873
228|9874
482|9875
111|9876
259|9877
123|9878
158|9879
436|9880
445|9881
487|9882
491|9883
86|9884
183|9885
113|9886
181|9887
100|9888
155|9889
4|9890
195|9891
116|9892
112|9893
412|9894
360|9895
149|9896
259|9897
69|9898
113|9899
26|9900
82|9901
322|9902
271|9903
115|9904
478|9905
430|9906
417|9907
47|9908
82|9909
112|9910
224|9911
3|9912
268|9913
271|9914
182|9915
421|9916
196|9917
115|9918
25|9919
355|9920
2|9921
38|9922
470|9923
250|9924
396|9925
366|9926
497|9927
470|9928
345|9929
269|9930
268|9931
212|9932
94|9933
369|9934
449|9935
75|9936
108|9937
320|9938
284|9939
383|9940
388|9941
76|9942
252|9943
261|9944
223|9945
217|9946
448|9947
480|9948
447|9949
162|9950
392|9951
476|9952
35|9953
292|9954
191|9955
474|9956
40|9957
183|9958
496|9959
118|9960
319|9961
494|9962
52|9963
365|9964
287|9965
372|9966
324|9967
4|9968
391|9969
369|9970
273|9971
434|9972
136|9973
179|9974
274|9975
308|9976
449|9977
163|9978
190|9979
324|9980
233|9981
131|9982
8|9983
274|9984
52|9985
435|9986
471|9987
461|9988
428|9989
139|9990
148|9991
102|9992
382|9993
111|9994
157|9995
4|9996
278|9997
239|9998
459|9999
419|10000
Run Time: real 1.550 user 1.470294 sys 0.080262
