count(B1)	B2
5	1
3	2
6	3
6	4
5	5
1	6
6	7
3	8
1	9
5	10
1	11
4	12
2	13
3	14
4	15
5	16
4	17
5	18
6	19
6	20
6	21
6	22
4	23
6	24
5	25
2	26
2	27
6	28
6	29
1	30
2	31
2	32
4	33
1	34
1	35
5	36
1	37
1	38
5	39
4	40
3	41
1	42
3	43
2	44
2	45
5	46
5	47
3	48
5	49
1	50
5	51
6	52
2	53
5	54
4	55
6	56
2	57
5	58
5	59
6	60
3	61
4	62
3	63
2	64
1	65
4	66
4	67
6	68
3	69
5	70
4	71
4	72
5	73
5	74
6	75
6	76
6	77
1	78
5	79
2	80
2	81
6	82
4	83
5	84
4	85
5	86
6	87
3	88
6	89
2	90
6	91
5	92
6	93
6	94
1	95
3	96
4	97
4	98
3	99
3	100
3	101
2	102
5	103
4	104
5	105
6	106
3	107
5	108
2	109
5	110
3	111
4	112
6	113
1	114
1	115
6	116
3	117
4	118
5	119
3	120
3	121
5	122
4	123
2	124
1	125
2	126
2	127
3	128
4	129
3	130
1	131
4	132
6	133
6	134
3	135
2	136
2	137
2	138
6	139
2	140
6	141
3	142
3	143
2	144
3	145
6	146
4	147
2	148
3	149
6	150
6	151
5	152
2	153
1	154
3	155
2	156
3	157
3	158
6	159
6	160
2	161
5	162
6	163
4	164
6	165
1	166
2	167
2	168
5	169
1	170
1	171
5	172
6	173
2	174
3	175
4	176
6	177
1	178
3	179
2	180
5	181
5	182
3	183
6	184
4	185
4	186
1	187
1	188
2	189
4	190
3	191
2	192
1	193
1	194
6	195
2	196
5	197
2	198
2	199
6	200
3	201
3	202
1	203
1	204
4	205
5	206
6	207
3	208
6	209
3	210
3	211
4	212
3	213
1	214
2	215
1	216
4	217
6	218
1	219
3	220
3	221
3	222
4	223
4	224
6	225
5	226
5	227
6	228
5	229
4	230
5	231
6	232
4	233
5	234
6	235
5	236
3	237
2	238
6	239
6	240
6	241
2	242
4	243
2	244
6	245
4	246
2	247
2	248
3	249
6	250
6	251
4	252
1	253
3	254
5	255
4	256
2	257
2	258
6	259
4	260
4	261
1	262
1	263
5	264
4	265
3	266
6	267
3	268
2	269
4	270
3	271
6	272
3	273
6	274
3	275
4	276
3	277
6	278
3	279
1	280
2	281
3	282
1	283
2	284
6	285
5	286
4	287
4	288
3	289
2	290
2	291
2	292
1	293
5	294
4	295
6	296
3	297
1	298
6	299
6	300
6	301
1	302
6	303
6	304
6	305
5	306
2	307
5	308
2	309
1	310
5	311
3	312
6	313
1	314
6	315
4	316
3	317
2	318
6	319
5	320
5	321
2	322
5	323
6	324
4	325
3	326
6	327
5	328
6	329
5	330
3	331
6	332
4	333
1	334
2	335
2	336
1	337
5	338
1	339
5	340
2	341
6	342
5	343
2	344
6	345
6	346
2	347
1	348
1	349
5	350
3	351
5	352
6	353
4	354
1	355
5	356
2	357
2	358
5	359
1	360
1	361
2	362
3	363
6	364
3	365
3	366
5	367
3	368
1	369
6	370
1	371
2	372
5	373
4	374
3	375
2	376
5	377
1	378
1	379
3	380
1	381
3	382
2	383
1	384
4	385
2	386
2	387
5	388
5	389
2	390
3	391
2	392
2	393
1	394
3	395
2	396
6	397
4	398
6	399
2	400
3	401
2	402
2	403
5	404
3	405
5	406
3	407
5	408
4	409
1	410
3	411
3	412
3	413
5	414
1	415
1	416
5	417
3	418
3	419
1	420
6	421
6	422
1	423
6	424
2	425
4	426
4	427
3	428
2	429
5	430
5	431
2	432
3	433
6	434
1	435
3	436
6	437
1	438
4	439
5	440
5	441
5	442
1	443
4	444
1	445
3	446
2	447
1	448
6	449
6	450
4	451
1	452
6	453
2	454
3	455
2	456
3	457
6	458
4	459
6	460
3	461
5	462
3	463
5	464
3	465
1	466
1	467
6	468
5	469
5	470
5	471
4	472
1	473
6	474
2	475
1	476
5	477
2	478
6	479
4	480
1	481
4	482
1	483
3	484
4	485
5	486
6	487
2	488
2	489
3	490
3	491
2	492
4	493
2	494
1	495
3	496
5	497
1	498
3	499
6	500
4	501
1	502
6	503
1	504
1	505
4	506
2	507
5	508
4	509
1	510
2	511
6	512
6	513
1	514
4	515
1	516
2	517
1	518
4	519
4	520
1	521
4	522
1	523
6	524
3	525
3	526
5	527
1	528
4	529
3	530
5	531
1	532
5	533
5	534
1	535
2	536
5	537
4	538
3	539
4	540
5	541
2	542
4	543
4	544
5	545
4	546
6	547
1	548
6	549
3	550
3	551
3	552
2	553
6	554
4	555
6	556
6	557
6	558
1	559
5	560
1	561
6	562
1	563
5	564
2	565
5	566
1	567
6	568
2	569
3	570
2	571
5	572
6	573
5	574
6	575
1	576
1	577
6	578
6	579
3	580
2	581
1	582
3	583
3	584
4	585
1	586
3	587
1	588
2	589
3	590
6	591
2	592
2	593
6	594
6	595
1	596
4	597
3	598
3	599
4	600
4	601
3	602
5	603
5	604
2	605
2	606
6	607
1	608
6	609
2	610
2	611
6	612
1	613
5	614
2	615
5	616
2	617
5	618
3	619
1	620
6	621
1	622
5	623
4	624
4	625
3	626
4	627
6	628
2	629
3	630
6	631
6	632
5	633
5	634
4	635
4	636
1	637
4	638
4	639
6	640
1	641
1	642
3	643
1	644
6	645
6	646
2	647
5	648
4	649
6	650
5	651
2	652
6	653
6	654
5	655
2	656
6	657
3	658
2	659
4	660
4	661
3	662
3	663
3	664
2	665
5	666
2	667
3	668
4	669
1	670
1	671
6	672
6	673
1	674
3	675
2	676
6	677
5	678
5	679
1	680
5	681
5	682
3	683
4	684
3	685
5	686
1	687
1	688
2	689
3	690
4	691
3	692
5	693
1	694
3	695
4	696
4	697
2	698
4	699
5	700
1	701
1	702
4	703
1	704
3	705
4	706
3	707
6	708
3	709
5	710
3	711
1	712
5	713
1	714
4	715
2	716
5	717
4	718
4	719
5	720
2	721
6	722
3	723
1	724
3	725
4	726
4	727
4	728
2	729
4	730
1	731
6	732
1	733
3	734
2	735
6	736
1	737
4	738
2	739
1	740
6	741
1	742
5	743
2	744
5	745
5	746
2	747
4	748
1	749
1	750
3	751
1	752
3	753
2	754
6	755
5	756
5	757
4	758
4	759
4	760
5	761
5	762
6	763
2	764
6	765
3	766
2	767
3	768
1	769
5	770
1	771
5	772
6	773
4	774
3	775
3	776
3	777
6	778
2	779
5	780
2	781
1	782
5	783
2	784
3	785
3	786
5	787
2	788
2	789
5	790
1	791
6	792
5	793
4	794
6	795
3	796
1	797
3	798
4	799
4	800
6	801
2	802
6	803
6	804
3	805
6	806
5	807
2	808
3	809
6	810
1	811
6	812
5	813
3	814
4	815
2	816
5	817
5	818
3	819
2	820
6	821
2	822
3	823
1	824
3	825
2	826
1	827
1	828
5	829
1	830
3	831
2	832
1	833
6	834
6	835
3	836
5	837
4	838
6	839
4	840
6	841
2	842
2	843
4	844
2	845
1	846
1	847
3	848
1	849
3	850
1	851
4	852
3	853
5	854
6	855
4	856
2	857
5	858
6	859
4	860
6	861
2	862
1	863
2	864
6	865
3	866
4	867
1	868
5	869
2	870
4	871
6	872
5	873
1	874
4	875
6	876
3	877
5	878
5	879
4	880
2	881
4	882
5	883
4	884
4	885
3	886
4	887
3	888
1	889
3	890
1	891
6	892
1	893
6	894
4	895
6	896
2	897
3	898
6	899
5	900
4	901
6	902
2	903
6	904
2	905
4	906
3	907
3	908
6	909
5	910
4	911
4	912
4	913
2	914
1	915
1	916
2	917
5	918
4	919
1	920
5	921
1	922
2	923
4	924
2	925
2	926
3	927
4	928
4	929
4	930
1	931
3	932
2	933
2	934
6	935
3	936
5	937
6	938
6	939
4	940
3	941
4	942
3	943
3	944
2	945
6	946
5	947
3	948
5	949
2	950
4	951
5	952
3	953
6	954
2	955
3	956
4	957
3	958
2	959
2	960
1	961
6	962
2	963
6	964
5	965
3	966
3	967
5	968
3	969
1	970
2	971
1	972
3	973
4	974
4	975
6	976
1	977
2	978
1	979
1	980
3	981
1	982
5	983
5	984
2	985
4	986
5	987
4	988
1	989
1	990
3	991
4	992
3	993
6	994
2	995
2	996
5	997
3	998
1	999
3	1000
5	1001
2	1002
2	1003
1	1004
3	1005
4	1006
2	1007
6	1008
4	1009
4	1010
5	1011
4	1012
3	1013
3	1014
4	1015
5	1016
5	1017
1	1018
3	1019
1	1020
5	1021
4	1022
3	1023
4	1024
5	1025
6	1026
1	1027
1	1028
6	1029
3	1030
5	1031
3	1032
1	1033
5	1034
2	1035
4	1036
5	1037
1	1038
4	1039
3	1040
6	1041
1	1042
5	1043
1	1044
6	1045
6	1046
6	1047
2	1048
1	1049
3	1050
4	1051
6	1052
5	1053
5	1054
4	1055
3	1056
3	1057
5	1058
6	1059
3	1060
1	1061
1	1062
2	1063
5	1064
5	1065
2	1066
2	1067
4	1068
1	1069
4	1070
6	1071
6	1072
2	1073
6	1074
6	1075
3	1076
5	1077
6	1078
6	1079
4	1080
6	1081
2	1082
3	1083
2	1084
2	1085
4	1086
2	1087
6	1088
4	1089
1	1090
2	1091
4	1092
4	1093
5	1094
2	1095
6	1096
6	1097
5	1098
5	1099
3	1100
5	1101
1	1102
6	1103
4	1104
1	1105
6	1106
1	1107
4	1108
3	1109
6	1110
3	1111
3	1112
3	1113
6	1114
5	1115
4	1116
5	1117
6	1118
1	1119
5	1120
4	1121
1	1122
5	1123
3	1124
4	1125
6	1126
2	1127
6	1128
2	1129
6	1130
5	1131
4	1132
6	1133
6	1134
2	1135
1	1136
6	1137
6	1138
5	1139
6	1140
3	1141
2	1142
6	1143
3	1144
4	1145
3	1146
6	1147
5	1148
4	1149
3	1150
1	1151
4	1152
5	1153
2	1154
2	1155
4	1156
3	1157
3	1158
3	1159
6	1160
6	1161
1	1162
5	1163
2	1164
4	1165
1	1166
6	1167
6	1168
6	1169
1	1170
4	1171
6	1172
4	1173
5	1174
1	1175
1	1176
1	1177
1	1178
5	1179
2	1180
3	1181
3	1182
5	1183
2	1184
2	1185
6	1186
1	1187
2	1188
6	1189
2	1190
5	1191
4	1192
1	1193
6	1194
4	1195
3	1196
2	1197
2	1198
1	1199
4	1200
2	1201
3	1202
2	1203
1	1204
4	1205
6	1206
1	1207
1	1208
1	1209
5	1210
4	1211
6	1212
6	1213
4	1214
1	1215
6	1216
5	1217
6	1218
3	1219
3	1220
1	1221
3	1222
5	1223
5	1224
4	1225
4	1226
2	1227
4	1228
2	1229
4	1230
2	1231
5	1232
4	1233
1	1234
6	1235
2	1236
6	1237
6	1238
2	1239
2	1240
3	1241
5	1242
1	1243
1	1244
3	1245
6	1246
4	1247
6	1248
3	1249
4	1250
1	1251
2	1252
6	1253
5	1254
1	1255
6	1256
2	1257
3	1258
1	1259
6	1260
4	1261
2	1262
4	1263
5	1264
2	1265
4	1266
5	1267
5	1268
2	1269
4	1270
1	1271
1	1272
4	1273
3	1274
6	1275
5	1276
2	1277
6	1278
1	1279
6	1280
1	1281
4	1282
3	1283
3	1284
2	1285
2	1286
2	1287
2	1288
2	1289
3	1290
6	1291
5	1292
3	1293
2	1294
3	1295
1	1296
4	1297
3	1298
5	1299
4	1300
6	1301
4	1302
5	1303
1	1304
5	1305
4	1306
2	1307
4	1308
3	1309
2	1310
1	1311
2	1312
3	1313
4	1314
6	1315
1	1316
1	1317
3	1318
3	1319
6	1320
4	1321
5	1322
1	1323
2	1324
3	1325
6	1326
1	1327
1	1328
3	1329
3	1330
3	1331
6	1332
5	1333
5	1334
5	1335
3	1336
5	1337
5	1338
5	1339
1	1340
6	1341
1	1342
2	1343
3	1344
3	1345
4	1346
5	1347
4	1348
2	1349
4	1350
6	1351
2	1352
2	1353
3	1354
5	1355
4	1356
4	1357
5	1358
2	1359
5	1360
2	1361
1	1362
6	1363
2	1364
6	1365
3	1366
2	1367
6	1368
4	1369
1	1370
1	1371
3	1372
4	1373
4	1374
3	1375
4	1376
5	1377
6	1378
3	1379
1	1380
4	1381
1	1382
5	1383
6	1384
6	1385
1	1386
4	1387
4	1388
4	1389
5	1390
6	1391
5	1392
1	1393
3	1394
5	1395
2	1396
6	1397
2	1398
3	1399
4	1400
6	1401
2	1402
6	1403
4	1404
2	1405
1	1406
5	1407
3	1408
2	1409
6	1410
2	1411
1	1412
6	1413
4	1414
2	1415
5	1416
4	1417
2	1418
1	1419
6	1420
1	1421
1	1422
3	1423
1	1424
1	1425
4	1426
3	1427
4	1428
6	1429
1	1430
4	1431
6	1432
3	1433
1	1434
4	1435
4	1436
6	1437
2	1438
4	1439
4	1440
5	1441
3	1442
1	1443
1	1444
5	1445
5	1446
3	1447
4	1448
4	1449
4	1450
2	1451
3	1452
3	1453
6	1454
5	1455
2	1456
5	1457
2	1458
6	1459
1	1460
3	1461
2	1462
2	1463
6	1464
5	1465
3	1466
4	1467
3	1468
5	1469
3	1470
1	1471
3	1472
3	1473
1	1474
6	1475
2	1476
4	1477
2	1478
4	1479
1	1480
6	1481
2	1482
2	1483
6	1484
6	1485
6	1486
5	1487
5	1488
5	1489
1	1490
1	1491
5	1492
3	1493
1	1494
1	1495
3	1496
1	1497
4	1498
1	1499
2	1500
5	1501
2	1502
1	1503
1	1504
3	1505
3	1506
1	1507
3	1508
2	1509
4	1510
6	1511
1	1512
5	1513
2	1514
3	1515
2	1516
5	1517
3	1518
5	1519
6	1520
3	1521
2	1522
2	1523
1	1524
5	1525
5	1526
3	1527
1	1528
3	1529
5	1530
5	1531
3	1532
3	1533
6	1534
6	1535
1	1536
5	1537
3	1538
5	1539
6	1540
3	1541
2	1542
4	1543
1	1544
1	1545
3	1546
3	1547
1	1548
4	1549
5	1550
5	1551
3	1552
2	1553
4	1554
3	1555
5	1556
1	1557
6	1558
3	1559
2	1560
3	1561
1	1562
3	1563
4	1564
5	1565
5	1566
1	1567
4	1568
5	1569
1	1570
2	1571
3	1572
2	1573
3	1574
5	1575
4	1576
1	1577
4	1578
5	1579
1	1580
6	1581
6	1582
4	1583
3	1584
1	1585
6	1586
1	1587
4	1588
6	1589
2	1590
6	1591
4	1592
1	1593
6	1594
3	1595
6	1596
3	1597
5	1598
6	1599
5	1600
6	1601
5	1602
4	1603
1	1604
6	1605
2	1606
4	1607
6	1608
4	1609
3	1610
4	1611
3	1612
5	1613
6	1614
3	1615
5	1616
6	1617
1	1618
6	1619
5	1620
6	1621
6	1622
4	1623
6	1624
1	1625
6	1626
6	1627
1	1628
6	1629
6	1630
3	1631
6	1632
5	1633
3	1634
3	1635
1	1636
5	1637
5	1638
5	1639
3	1640
2	1641
4	1642
4	1643
5	1644
5	1645
3	1646
3	1647
2	1648
6	1649
3	1650
4	1651
2	1652
1	1653
6	1654
4	1655
1	1656
2	1657
1	1658
3	1659
3	1660
5	1661
2	1662
5	1663
5	1664
5	1665
2	1666
3	1667
5	1668
4	1669
3	1670
3	1671
1	1672
1	1673
2	1674
3	1675
6	1676
4	1677
1	1678
1	1679
2	1680
6	1681
3	1682
4	1683
2	1684
2	1685
3	1686
2	1687
1	1688
1	1689
3	1690
6	1691
5	1692
6	1693
1	1694
1	1695
6	1696
1	1697
1	1698
3	1699
4	1700
3	1701
6	1702
4	1703
6	1704
3	1705
4	1706
6	1707
1	1708
3	1709
5	1710
1	1711
5	1712
3	1713
1	1714
3	1715
3	1716
5	1717
6	1718
2	1719
5	1720
2	1721
5	1722
4	1723
2	1724
2	1725
1	1726
6	1727
5	1728
6	1729
3	1730
1	1731
4	1732
5	1733
3	1734
5	1735
4	1736
1	1737
2	1738
2	1739
1	1740
5	1741
4	1742
6	1743
2	1744
5	1745
5	1746
2	1747
2	1748
1	1749
1	1750
3	1751
4	1752
4	1753
2	1754
4	1755
3	1756
6	1757
6	1758
2	1759
5	1760
4	1761
4	1762
5	1763
5	1764
4	1765
5	1766
4	1767
4	1768
6	1769
3	1770
2	1771
4	1772
2	1773
5	1774
3	1775
4	1776
3	1777
4	1778
1	1779
2	1780
1	1781
1	1782
1	1783
3	1784
4	1785
1	1786
6	1787
1	1788
3	1789
1	1790
5	1791
6	1792
3	1793
4	1794
4	1795
3	1796
4	1797
3	1798
6	1799
5	1800
2	1801
2	1802
3	1803
4	1804
3	1805
1	1806
4	1807
4	1808
2	1809
1	1810
2	1811
2	1812
3	1813
3	1814
5	1815
4	1816
4	1817
5	1818
2	1819
5	1820
3	1821
6	1822
6	1823
1	1824
6	1825
1	1826
5	1827
1	1828
5	1829
5	1830
4	1831
6	1832
1	1833
2	1834
1	1835
3	1836
5	1837
2	1838
2	1839
3	1840
2	1841
2	1842
5	1843
1	1844
2	1845
6	1846
3	1847
6	1848
5	1849
6	1850
2	1851
5	1852
1	1853
4	1854
6	1855
3	1856
4	1857
3	1858
1	1859
4	1860
6	1861
1	1862
1	1863
4	1864
2	1865
1	1866
3	1867
6	1868
1	1869
3	1870
2	1871
6	1872
6	1873
4	1874
5	1875
2	1876
3	1877
1	1878
1	1879
4	1880
6	1881
5	1882
1	1883
3	1884
4	1885
6	1886
1	1887
6	1888
3	1889
5	1890
4	1891
1	1892
2	1893
2	1894
2	1895
5	1896
5	1897
1	1898
6	1899
1	1900
5	1901
1	1902
6	1903
1	1904
5	1905
1	1906
6	1907
6	1908
1	1909
2	1910
5	1911
3	1912
2	1913
3	1914
6	1915
5	1916
4	1917
6	1918
3	1919
3	1920
2	1921
1	1922
1	1923
2	1924
4	1925
1	1926
3	1927
5	1928
5	1929
3	1930
1	1931
6	1932
1	1933
4	1934
2	1935
5	1936
1	1937
1	1938
2	1939
5	1940
1	1941
5	1942
1	1943
2	1944
4	1945
4	1946
5	1947
1	1948
6	1949
4	1950
4	1951
2	1952
5	1953
5	1954
2	1955
2	1956
4	1957
6	1958
2	1959
3	1960
2	1961
3	1962
2	1963
3	1964
2	1965
5	1966
6	1967
4	1968
6	1969
4	1970
3	1971
5	1972
6	1973
4	1974
5	1975
6	1976
1	1977
4	1978
3	1979
1	1980
2	1981
4	1982
5	1983
1	1984
5	1985
2	1986
6	1987
4	1988
1	1989
4	1990
5	1991
4	1992
5	1993
2	1994
6	1995
1	1996
1	1997
1	1998
2	1999
2	2000
2	2001
2	2002
1	2003
4	2004
5	2005
2	2006
3	2007
6	2008
4	2009
4	2010
4	2011
5	2012
6	2013
1	2014
1	2015
2	2016
4	2017
4	2018
3	2019
6	2020
1	2021
4	2022
3	2023
2	2024
1	2025
2	2026
1	2027
3	2028
5	2029
6	2030
6	2031
2	2032
2	2033
2	2034
3	2035
3	2036
1	2037
4	2038
4	2039
2	2040
1	2041
4	2042
5	2043
4	2044
2	2045
5	2046
3	2047
4	2048
3	2049
4	2050
6	2051
6	2052
4	2053
4	2054
5	2055
1	2056
6	2057
5	2058
5	2059
1	2060
2	2061
2	2062
5	2063
5	2064
5	2065
6	2066
1	2067
5	2068
4	2069
3	2070
6	2071
5	2072
6	2073
5	2074
3	2075
6	2076
6	2077
4	2078
2	2079
5	2080
3	2081
5	2082
2	2083
3	2084
4	2085
5	2086
4	2087
1	2088
1	2089
6	2090
1	2091
1	2092
3	2093
2	2094
2	2095
4	2096
1	2097
6	2098
3	2099
2	2100
2	2101
1	2102
4	2103
4	2104
6	2105
2	2106
5	2107
6	2108
1	2109
5	2110
1	2111
1	2112
1	2113
5	2114
1	2115
4	2116
6	2117
5	2118
6	2119
1	2120
3	2121
5	2122
2	2123
3	2124
4	2125
6	2126
3	2127
4	2128
3	2129
4	2130
4	2131
6	2132
6	2133
2	2134
4	2135
5	2136
2	2137
6	2138
1	2139
6	2140
1	2141
2	2142
1	2143
1	2144
1	2145
5	2146
4	2147
4	2148
3	2149
3	2150
2	2151
1	2152
2	2153
2	2154
2	2155
6	2156
2	2157
4	2158
1	2159
4	2160
2	2161
6	2162
2	2163
6	2164
6	2165
1	2166
1	2167
5	2168
3	2169
2	2170
6	2171
1	2172
4	2173
3	2174
1	2175
1	2176
1	2177
1	2178
6	2179
6	2180
5	2181
3	2182
2	2183
1	2184
3	2185
2	2186
6	2187
3	2188
4	2189
2	2190
5	2191
6	2192
1	2193
5	2194
2	2195
5	2196
2	2197
6	2198
4	2199
5	2200
1	2201
2	2202
2	2203
2	2204
6	2205
2	2206
5	2207
2	2208
1	2209
5	2210
1	2211
6	2212
1	2213
3	2214
1	2215
4	2216
4	2217
2	2218
1	2219
4	2220
5	2221
2	2222
3	2223
2	2224
6	2225
4	2226
1	2227
3	2228
1	2229
4	2230
3	2231
3	2232
2	2233
2	2234
2	2235
5	2236
1	2237
2	2238
3	2239
4	2240
5	2241
3	2242
3	2243
2	2244
1	2245
6	2246
6	2247
3	2248
3	2249
5	2250
4	2251
4	2252
5	2253
5	2254
3	2255
5	2256
6	2257
4	2258
4	2259
2	2260
5	2261
2	2262
5	2263
2	2264
6	2265
5	2266
6	2267
3	2268
5	2269
5	2270
3	2271
5	2272
5	2273
3	2274
2	2275
2	2276
6	2277
6	2278
1	2279
6	2280
3	2281
5	2282
2	2283
4	2284
2	2285
3	2286
3	2287
5	2288
6	2289
3	2290
6	2291
5	2292
6	2293
3	2294
1	2295
2	2296
4	2297
5	2298
2	2299
6	2300
5	2301
2	2302
2	2303
2	2304
6	2305
5	2306
5	2307
3	2308
4	2309
2	2310
4	2311
3	2312
4	2313
6	2314
4	2315
3	2316
4	2317
5	2318
2	2319
6	2320
6	2321
6	2322
3	2323
6	2324
5	2325
1	2326
6	2327
6	2328
1	2329
6	2330
6	2331
2	2332
6	2333
5	2334
5	2335
2	2336
6	2337
4	2338
6	2339
2	2340
2	2341
2	2342
1	2343
1	2344
2	2345
3	2346
3	2347
4	2348
3	2349
1	2350
2	2351
5	2352
4	2353
4	2354
4	2355
2	2356
1	2357
2	2358
1	2359
2	2360
2	2361
6	2362
3	2363
5	2364
6	2365
5	2366
2	2367
1	2368
6	2369
1	2370
2	2371
1	2372
4	2373
6	2374
6	2375
1	2376
6	2377
1	2378
2	2379
3	2380
4	2381
2	2382
5	2383
2	2384
2	2385
1	2386
2	2387
4	2388
5	2389
2	2390
2	2391
3	2392
4	2393
6	2394
6	2395
5	2396
3	2397
6	2398
4	2399
6	2400
6	2401
4	2402
6	2403
3	2404
3	2405
6	2406
5	2407
5	2408
6	2409
4	2410
5	2411
6	2412
1	2413
4	2414
5	2415
6	2416
5	2417
3	2418
1	2419
2	2420
3	2421
3	2422
4	2423
3	2424
4	2425
3	2426
1	2427
6	2428
6	2429
5	2430
2	2431
5	2432
3	2433
4	2434
5	2435
3	2436
5	2437
4	2438
3	2439
4	2440
1	2441
6	2442
3	2443
1	2444
4	2445
4	2446
3	2447
6	2448
6	2449
3	2450
5	2451
6	2452
5	2453
1	2454
6	2455
2	2456
4	2457
6	2458
3	2459
2	2460
5	2461
3	2462
4	2463
6	2464
3	2465
1	2466
4	2467
6	2468
6	2469
4	2470
6	2471
6	2472
6	2473
4	2474
3	2475
3	2476
5	2477
4	2478
1	2479
2	2480
4	2481
3	2482
2	2483
1	2484
6	2485
6	2486
5	2487
6	2488
5	2489
5	2490
4	2491
1	2492
4	2493
6	2494
1	2495
6	2496
5	2497
6	2498
1	2499
5	2500
3	2501
1	2502
2	2503
6	2504
3	2505
6	2506
6	2507
5	2508
2	2509
1	2510
1	2511
3	2512
2	2513
2	2514
4	2515
2	2516
3	2517
5	2518
4	2519
6	2520
3	2521
4	2522
3	2523
3	2524
6	2525
2	2526
1	2527
2	2528
5	2529
1	2530
4	2531
2	2532
2	2533
3	2534
4	2535
6	2536
2	2537
2	2538
1	2539
6	2540
1	2541
3	2542
4	2543
5	2544
3	2545
1	2546
1	2547
4	2548
4	2549
5	2550
2	2551
5	2552
4	2553
4	2554
2	2555
4	2556
5	2557
3	2558
5	2559
1	2560
3	2561
6	2562
6	2563
1	2564
3	2565
5	2566
5	2567
3	2568
4	2569
3	2570
2	2571
5	2572
2	2573
1	2574
4	2575
6	2576
2	2577
4	2578
3	2579
5	2580
6	2581
2	2582
5	2583
3	2584
5	2585
4	2586
4	2587
2	2588
5	2589
4	2590
4	2591
4	2592
1	2593
6	2594
6	2595
5	2596
2	2597
4	2598
5	2599
1	2600
4	2601
2	2602
6	2603
3	2604
4	2605
5	2606
4	2607
2	2608
6	2609
2	2610
3	2611
6	2612
6	2613
6	2614
2	2615
1	2616
6	2617
5	2618
3	2619
1	2620
5	2621
6	2622
3	2623
1	2624
2	2625
3	2626
2	2627
6	2628
5	2629
6	2630
6	2631
2	2632
4	2633
1	2634
1	2635
5	2636
1	2637
3	2638
4	2639
5	2640
2	2641
4	2642
5	2643
6	2644
3	2645
5	2646
6	2647
5	2648
4	2649
1	2650
6	2651
1	2652
4	2653
4	2654
3	2655
1	2656
2	2657
3	2658
6	2659
4	2660
6	2661
1	2662
1	2663
4	2664
5	2665
5	2666
1	2667
6	2668
4	2669
1	2670
2	2671
5	2672
2	2673
6	2674
1	2675
4	2676
2	2677
6	2678
2	2679
6	2680
2	2681
5	2682
6	2683
5	2684
2	2685
2	2686
5	2687
2	2688
3	2689
6	2690
4	2691
5	2692
2	2693
3	2694
6	2695
3	2696
4	2697
2	2698
6	2699
4	2700
4	2701
4	2702
6	2703
4	2704
2	2705
3	2706
6	2707
4	2708
1	2709
5	2710
1	2711
4	2712
4	2713
6	2714
1	2715
6	2716
3	2717
1	2718
3	2719
2	2720
3	2721
1	2722
6	2723
5	2724
1	2725
1	2726
5	2727
3	2728
6	2729
3	2730
6	2731
2	2732
3	2733
1	2734
1	2735
3	2736
5	2737
3	2738
2	2739
6	2740
4	2741
2	2742
1	2743
4	2744
4	2745
2	2746
2	2747
4	2748
4	2749
6	2750
5	2751
1	2752
6	2753
5	2754
1	2755
6	2756
2	2757
1	2758
5	2759
6	2760
4	2761
2	2762
3	2763
3	2764
1	2765
6	2766
2	2767
6	2768
1	2769
5	2770
1	2771
6	2772
2	2773
1	2774
4	2775
1	2776
3	2777
5	2778
5	2779
6	2780
4	2781
2	2782
4	2783
1	2784
2	2785
1	2786
2	2787
4	2788
1	2789
2	2790
2	2791
4	2792
3	2793
3	2794
3	2795
3	2796
5	2797
6	2798
6	2799
4	2800
6	2801
1	2802
6	2803
4	2804
4	2805
6	2806
4	2807
2	2808
4	2809
4	2810
6	2811
2	2812
5	2813
4	2814
3	2815
5	2816
5	2817
3	2818
5	2819
3	2820
5	2821
4	2822
1	2823
4	2824
1	2825
2	2826
3	2827
6	2828
4	2829
4	2830
3	2831
5	2832
4	2833
2	2834
4	2835
1	2836
6	2837
1	2838
2	2839
6	2840
4	2841
2	2842
1	2843
5	2844
1	2845
6	2846
6	2847
5	2848
5	2849
5	2850
3	2851
4	2852
5	2853
2	2854
1	2855
4	2856
6	2857
4	2858
3	2859
4	2860
1	2861
4	2862
4	2863
2	2864
3	2865
6	2866
1	2867
2	2868
1	2869
5	2870
4	2871
4	2872
3	2873
3	2874
1	2875
4	2876
1	2877
4	2878
5	2879
1	2880
4	2881
2	2882
5	2883
2	2884
3	2885
3	2886
4	2887
1	2888
5	2889
3	2890
6	2891
3	2892
1	2893
3	2894
2	2895
1	2896
2	2897
2	2898
5	2899
4	2900
1	2901
4	2902
6	2903
4	2904
1	2905
6	2906
1	2907
4	2908
2	2909
3	2910
5	2911
3	2912
6	2913
1	2914
4	2915
2	2916
2	2917
4	2918
6	2919
6	2920
3	2921
2	2922
3	2923
3	2924
6	2925
1	2926
1	2927
4	2928
5	2929
3	2930
2	2931
2	2932
4	2933
6	2934
6	2935
1	2936
4	2937
1	2938
4	2939
5	2940
1	2941
6	2942
6	2943
5	2944
1	2945
1	2946
2	2947
2	2948
1	2949
5	2950
1	2951
1	2952
1	2953
5	2954
2	2955
5	2956
3	2957
5	2958
3	2959
3	2960
3	2961
4	2962
5	2963
6	2964
3	2965
3	2966
5	2967
4	2968
2	2969
3	2970
4	2971
3	2972
1	2973
4	2974
6	2975
6	2976
3	2977
2	2978
3	2979
2	2980
1	2981
1	2982
1	2983
3	2984
3	2985
2	2986
6	2987
2	2988
1	2989
1	2990
6	2991
1	2992
1	2993
3	2994
6	2995
5	2996
1	2997
3	2998
3	2999
3	3000
1	3001
5	3002
5	3003
1	3004
4	3005
2	3006
5	3007
6	3008
1	3009
2	3010
4	3011
5	3012
3	3013
5	3014
5	3015
2	3016
2	3017
2	3018
6	3019
2	3020
3	3021
5	3022
1	3023
1	3024
2	3025
1	3026
2	3027
5	3028
1	3029
1	3030
1	3031
6	3032
1	3033
2	3034
2	3035
3	3036
4	3037
6	3038
3	3039
5	3040
4	3041
6	3042
3	3043
5	3044
3	3045
5	3046
5	3047
1	3048
4	3049
4	3050
3	3051
1	3052
6	3053
6	3054
4	3055
2	3056
4	3057
6	3058
3	3059
6	3060
6	3061
2	3062
5	3063
3	3064
5	3065
3	3066
4	3067
2	3068
6	3069
2	3070
2	3071
6	3072
2	3073
1	3074
2	3075
2	3076
5	3077
4	3078
1	3079
5	3080
2	3081
2	3082
6	3083
5	3084
6	3085
5	3086
4	3087
1	3088
6	3089
1	3090
5	3091
5	3092
5	3093
5	3094
4	3095
3	3096
1	3097
3	3098
3	3099
3	3100
2	3101
6	3102
6	3103
4	3104
6	3105
6	3106
4	3107
2	3108
2	3109
4	3110
4	3111
5	3112
1	3113
2	3114
6	3115
3	3116
5	3117
2	3118
1	3119
4	3120
2	3121
6	3122
6	3123
1	3124
3	3125
1	3126
4	3127
6	3128
4	3129
5	3130
4	3131
4	3132
1	3133
3	3134
1	3135
2	3136
2	3137
2	3138
6	3139
5	3140
4	3141
2	3142
6	3143
4	3144
5	3145
4	3146
3	3147
4	3148
1	3149
2	3150
2	3151
6	3152
3	3153
1	3154
6	3155
1	3156
2	3157
3	3158
5	3159
3	3160
5	3161
5	3162
1	3163
1	3164
5	3165
3	3166
3	3167
5	3168
1	3169
4	3170
4	3171
2	3172
2	3173
1	3174
6	3175
5	3176
2	3177
3	3178
3	3179
6	3180
5	3181
4	3182
4	3183
5	3184
3	3185
3	3186
2	3187
4	3188
3	3189
4	3190
3	3191
6	3192
2	3193
4	3194
6	3195
4	3196
5	3197
1	3198
3	3199
6	3200
6	3201
5	3202
6	3203
2	3204
2	3205
5	3206
3	3207
5	3208
3	3209
6	3210
5	3211
1	3212
3	3213
6	3214
6	3215
6	3216
2	3217
4	3218
3	3219
1	3220
5	3221
6	3222
3	3223
4	3224
1	3225
2	3226
6	3227
2	3228
2	3229
1	3230
6	3231
3	3232
2	3233
6	3234
1	3235
1	3236
5	3237
1	3238
6	3239
6	3240
5	3241
5	3242
6	3243
4	3244
6	3245
4	3246
1	3247
3	3248
1	3249
5	3250
4	3251
2	3252
1	3253
2	3254
2	3255
6	3256
5	3257
5	3258
4	3259
6	3260
5	3261
6	3262
1	3263
2	3264
3	3265
4	3266
1	3267
1	3268
4	3269
6	3270
6	3271
1	3272
4	3273
6	3274
1	3275
6	3276
6	3277
3	3278
2	3279
1	3280
4	3281
4	3282
4	3283
5	3284
3	3285
6	3286
5	3287
6	3288
6	3289
6	3290
6	3291
5	3292
5	3293
4	3294
2	3295
1	3296
6	3297
4	3298
1	3299
2	3300
5	3301
3	3302
2	3303
2	3304
4	3305
5	3306
1	3307
1	3308
4	3309
5	3310
2	3311
4	3312
4	3313
1	3314
1	3315
3	3316
3	3317
4	3318
3	3319
5	3320
1	3321
2	3322
3	3323
3	3324
3	3325
3	3326
1	3327
2	3328
2	3329
5	3330
3	3331
2	3332
5	3333
2	3334
5	3335
1	3336
6	3337
1	3338
6	3339
2	3340
4	3341
4	3342
4	3343
1	3344
5	3345
1	3346
5	3347
6	3348
1	3349
2	3350
6	3351
1	3352
4	3353
6	3354
1	3355
3	3356
5	3357
3	3358
4	3359
4	3360
1	3361
4	3362
3	3363
3	3364
1	3365
4	3366
4	3367
5	3368
2	3369
1	3370
2	3371
4	3372
5	3373
3	3374
4	3375
5	3376
2	3377
2	3378
5	3379
2	3380
2	3381
3	3382
5	3383
2	3384
1	3385
3	3386
6	3387
3	3388
6	3389
2	3390
2	3391
1	3392
4	3393
4	3394
2	3395
4	3396
1	3397
6	3398
5	3399
3	3400
2	3401
2	3402
2	3403
3	3404
2	3405
6	3406
5	3407
2	3408
3	3409
4	3410
2	3411
2	3412
4	3413
5	3414
1	3415
1	3416
2	3417
2	3418
4	3419
6	3420
4	3421
3	3422
3	3423
1	3424
2	3425
4	3426
2	3427
1	3428
6	3429
3	3430
5	3431
2	3432
1	3433
6	3434
3	3435
6	3436
2	3437
1	3438
3	3439
5	3440
2	3441
5	3442
2	3443
6	3444
1	3445
4	3446
6	3447
3	3448
6	3449
5	3450
6	3451
1	3452
2	3453
3	3454
5	3455
3	3456
2	3457
1	3458
3	3459
2	3460
1	3461
3	3462
6	3463
3	3464
6	3465
1	3466
2	3467
1	3468
5	3469
6	3470
1	3471
3	3472
5	3473
2	3474
3	3475
2	3476
5	3477
4	3478
4	3479
4	3480
6	3481
3	3482
4	3483
3	3484
1	3485
4	3486
3	3487
5	3488
1	3489
1	3490
5	3491
5	3492
3	3493
1	3494
3	3495
6	3496
1	3497
4	3498
3	3499
5	3500
4	3501
2	3502
4	3503
5	3504
4	3505
6	3506
3	3507
4	3508
5	3509
5	3510
3	3511
5	3512
3	3513
2	3514
1	3515
5	3516
5	3517
5	3518
5	3519
1	3520
6	3521
6	3522
6	3523
5	3524
3	3525
4	3526
3	3527
6	3528
3	3529
6	3530
1	3531
5	3532
3	3533
2	3534
6	3535
1	3536
2	3537
1	3538
6	3539
3	3540
3	3541
5	3542
3	3543
5	3544
4	3545
1	3546
1	3547
4	3548
4	3549
1	3550
5	3551
3	3552
4	3553
4	3554
2	3555
5	3556
6	3557
5	3558
6	3559
2	3560
1	3561
4	3562
2	3563
5	3564
4	3565
3	3566
3	3567
3	3568
1	3569
3	3570
6	3571
1	3572
5	3573
3	3574
2	3575
2	3576
1	3577
5	3578
3	3579
4	3580
4	3581
3	3582
6	3583
1	3584
5	3585
5	3586
3	3587
2	3588
5	3589
4	3590
5	3591
3	3592
4	3593
2	3594
3	3595
3	3596
4	3597
4	3598
3	3599
1	3600
1	3601
2	3602
4	3603
6	3604
4	3605
2	3606
1	3607
2	3608
4	3609
6	3610
3	3611
3	3612
3	3613
4	3614
4	3615
4	3616
5	3617
5	3618
6	3619
6	3620
1	3621
2	3622
4	3623
1	3624
1	3625
5	3626
6	3627
3	3628
6	3629
6	3630
6	3631
1	3632
6	3633
3	3634
2	3635
5	3636
5	3637
5	3638
6	3639
2	3640
2	3641
4	3642
6	3643
3	3644
6	3645
1	3646
4	3647
6	3648
2	3649
6	3650
1	3651
4	3652
2	3653
4	3654
4	3655
5	3656
5	3657
5	3658
1	3659
3	3660
3	3661
5	3662
5	3663
3	3664
2	3665
3	3666
2	3667
3	3668
5	3669
5	3670
6	3671
6	3672
2	3673
2	3674
6	3675
6	3676
3	3677
2	3678
2	3679
2	3680
5	3681
5	3682
3	3683
5	3684
4	3685
2	3686
5	3687
6	3688
4	3689
4	3690
1	3691
1	3692
3	3693
5	3694
1	3695
2	3696
4	3697
2	3698
5	3699
2	3700
5	3701
3	3702
4	3703
2	3704
6	3705
6	3706
4	3707
3	3708
2	3709
2	3710
4	3711
4	3712
6	3713
1	3714
6	3715
4	3716
6	3717
5	3718
2	3719
5	3720
1	3721
3	3722
2	3723
1	3724
4	3725
3	3726
2	3727
4	3728
4	3729
2	3730
5	3731
2	3732
2	3733
4	3734
4	3735
4	3736
3	3737
4	3738
2	3739
4	3740
2	3741
2	3742
1	3743
1	3744
3	3745
4	3746
2	3747
4	3748
1	3749
2	3750
5	3751
6	3752
3	3753
6	3754
5	3755
6	3756
2	3757
2	3758
5	3759
4	3760
1	3761
3	3762
6	3763
2	3764
6	3765
5	3766
3	3767
6	3768
4	3769
4	3770
4	3771
5	3772
3	3773
5	3774
1	3775
2	3776
6	3777
1	3778
4	3779
1	3780
1	3781
1	3782
1	3783
1	3784
1	3785
4	3786
5	3787
4	3788
1	3789
3	3790
1	3791
3	3792
5	3793
2	3794
4	3795
3	3796
5	3797
5	3798
2	3799
2	3800
5	3801
1	3802
3	3803
3	3804
2	3805
1	3806
2	3807
6	3808
3	3809
3	3810
5	3811
6	3812
1	3813
2	3814
6	3815
5	3816
3	3817
5	3818
3	3819
4	3820
4	3821
1	3822
1	3823
2	3824
1	3825
3	3826
1	3827
2	3828
2	3829
1	3830
1	3831
6	3832
5	3833
1	3834
5	3835
4	3836
5	3837
1	3838
5	3839
1	3840
1	3841
1	3842
2	3843
4	3844
5	3845
6	3846
5	3847
5	3848
6	3849
2	3850
2	3851
2	3852
5	3853
2	3854
4	3855
3	3856
5	3857
4	3858
6	3859
4	3860
3	3861
4	3862
3	3863
2	3864
5	3865
6	3866
1	3867
1	3868
5	3869
2	3870
3	3871
5	3872
5	3873
3	3874
5	3875
3	3876
4	3877
4	3878
2	3879
2	3880
5	3881
2	3882
5	3883
5	3884
5	3885
2	3886
5	3887
1	3888
5	3889
3	3890
6	3891
2	3892
3	3893
4	3894
3	3895
6	3896
4	3897
3	3898
4	3899
4	3900
2	3901
5	3902
1	3903
6	3904
1	3905
6	3906
4	3907
4	3908
6	3909
6	3910
6	3911
3	3912
5	3913
2	3914
2	3915
3	3916
1	3917
2	3918
6	3919
3	3920
6	3921
5	3922
2	3923
3	3924
1	3925
3	3926
2	3927
6	3928
1	3929
5	3930
6	3931
3	3932
5	3933
1	3934
2	3935
2	3936
4	3937
3	3938
1	3939
6	3940
2	3941
1	3942
4	3943
6	3944
2	3945
2	3946
1	3947
6	3948
4	3949
3	3950
5	3951
4	3952
2	3953
2	3954
1	3955
2	3956
6	3957
3	3958
6	3959
3	3960
5	3961
4	3962
1	3963
5	3964
2	3965
3	3966
2	3967
4	3968
5	3969
5	3970
2	3971
1	3972
5	3973
1	3974
5	3975
3	3976
2	3977
5	3978
5	3979
4	3980
2	3981
6	3982
3	3983
5	3984
1	3985
4	3986
6	3987
3	3988
6	3989
6	3990
5	3991
5	3992
3	3993
5	3994
4	3995
5	3996
4	3997
5	3998
6	3999
4	4000
2	4001
3	4002
2	4003
3	4004
1	4005
1	4006
4	4007
1	4008
3	4009
4	4010
2	4011
2	4012
3	4013
2	4014
2	4015
5	4016
4	4017
6	4018
5	4019
5	4020
2	4021
1	4022
4	4023
4	4024
5	4025
6	4026
1	4027
4	4028
3	4029
4	4030
3	4031
1	4032
2	4033
4	4034
4	4035
2	4036
5	4037
2	4038
3	4039
4	4040
4	4041
5	4042
3	4043
4	4044
6	4045
6	4046
5	4047
2	4048
2	4049
1	4050
4	4051
1	4052
3	4053
1	4054
2	4055
5	4056
4	4057
5	4058
6	4059
1	4060
2	4061
1	4062
1	4063
4	4064
2	4065
6	4066
5	4067
5	4068
5	4069
2	4070
5	4071
5	4072
4	4073
3	4074
2	4075
5	4076
2	4077
2	4078
2	4079
3	4080
4	4081
5	4082
5	4083
4	4084
5	4085
4	4086
6	4087
5	4088
4	4089
4	4090
2	4091
2	4092
4	4093
2	4094
3	4095
6	4096
3	4097
3	4098
2	4099
1	4100
5	4101
3	4102
1	4103
6	4104
6	4105
1	4106
6	4107
5	4108
5	4109
5	4110
5	4111
6	4112
2	4113
1	4114
1	4115
4	4116
6	4117
4	4118
2	4119
2	4120
6	4121
4	4122
3	4123
5	4124
6	4125
1	4126
3	4127
4	4128
4	4129
6	4130
5	4131
1	4132
5	4133
2	4134
3	4135
3	4136
2	4137
6	4138
4	4139
3	4140
6	4141
1	4142
1	4143
2	4144
1	4145
2	4146
5	4147
3	4148
6	4149
6	4150
5	4151
6	4152
1	4153
3	4154
3	4155
1	4156
6	4157
2	4158
2	4159
4	4160
3	4161
3	4162
5	4163
6	4164
3	4165
6	4166
6	4167
3	4168
5	4169
6	4170
6	4171
3	4172
6	4173
4	4174
2	4175
1	4176
6	4177
2	4178
2	4179
2	4180
1	4181
4	4182
5	4183
3	4184
6	4185
1	4186
2	4187
6	4188
6	4189
1	4190
2	4191
6	4192
4	4193
2	4194
1	4195
5	4196
3	4197
3	4198
1	4199
5	4200
3	4201
5	4202
3	4203
3	4204
3	4205
5	4206
4	4207
2	4208
4	4209
1	4210
2	4211
1	4212
1	4213
5	4214
2	4215
3	4216
6	4217
6	4218
3	4219
4	4220
6	4221
1	4222
4	4223
1	4224
5	4225
1	4226
4	4227
3	4228
3	4229
3	4230
1	4231
5	4232
2	4233
5	4234
4	4235
6	4236
1	4237
5	4238
4	4239
2	4240
5	4241
3	4242
4	4243
4	4244
2	4245
5	4246
3	4247
3	4248
6	4249
5	4250
2	4251
2	4252
6	4253
3	4254
2	4255
5	4256
3	4257
4	4258
2	4259
6	4260
1	4261
1	4262
4	4263
1	4264
4	4265
2	4266
6	4267
3	4268
1	4269
2	4270
4	4271
1	4272
4	4273
3	4274
6	4275
2	4276
5	4277
1	4278
3	4279
3	4280
4	4281
2	4282
5	4283
2	4284
3	4285
5	4286
1	4287
4	4288
2	4289
3	4290
4	4291
3	4292
6	4293
3	4294
3	4295
5	4296
4	4297
6	4298
6	4299
4	4300
3	4301
2	4302
1	4303
2	4304
5	4305
1	4306
3	4307
4	4308
5	4309
6	4310
2	4311
5	4312
3	4313
1	4314
3	4315
1	4316
4	4317
5	4318
6	4319
3	4320
6	4321
5	4322
1	4323
1	4324
4	4325
1	4326
6	4327
2	4328
6	4329
2	4330
6	4331
6	4332
3	4333
3	4334
2	4335
6	4336
3	4337
1	4338
5	4339
4	4340
6	4341
2	4342
4	4343
5	4344
5	4345
5	4346
5	4347
6	4348
1	4349
3	4350
4	4351
2	4352
1	4353
2	4354
2	4355
5	4356
3	4357
1	4358
5	4359
1	4360
6	4361
1	4362
4	4363
3	4364
5	4365
1	4366
1	4367
2	4368
6	4369
5	4370
5	4371
3	4372
1	4373
5	4374
1	4375
1	4376
3	4377
4	4378
1	4379
1	4380
3	4381
2	4382
2	4383
1	4384
3	4385
6	4386
2	4387
3	4388
3	4389
4	4390
6	4391
6	4392
3	4393
4	4394
2	4395
3	4396
5	4397
3	4398
4	4399
5	4400
6	4401
4	4402
2	4403
3	4404
3	4405
5	4406
6	4407
6	4408
5	4409
5	4410
4	4411
2	4412
1	4413
1	4414
5	4415
1	4416
3	4417
1	4418
2	4419
2	4420
1	4421
2	4422
1	4423
3	4424
2	4425
3	4426
2	4427
3	4428
2	4429
3	4430
4	4431
3	4432
3	4433
3	4434
6	4435
3	4436
2	4437
1	4438
3	4439
6	4440
4	4441
6	4442
2	4443
2	4444
2	4445
1	4446
4	4447
5	4448
4	4449
6	4450
2	4451
1	4452
4	4453
2	4454
1	4455
6	4456
4	4457
2	4458
3	4459
6	4460
1	4461
5	4462
2	4463
4	4464
5	4465
3	4466
4	4467
3	4468
2	4469
5	4470
2	4471
3	4472
2	4473
4	4474
4	4475
6	4476
1	4477
2	4478
6	4479
4	4480
4	4481
1	4482
3	4483
5	4484
1	4485
1	4486
6	4487
3	4488
3	4489
1	4490
6	4491
5	4492
3	4493
5	4494
2	4495
6	4496
5	4497
3	4498
6	4499
5	4500
2	4501
3	4502
3	4503
4	4504
3	4505
5	4506
1	4507
2	4508
4	4509
1	4510
4	4511
3	4512
2	4513
6	4514
5	4515
2	4516
6	4517
2	4518
4	4519
1	4520
4	4521
5	4522
1	4523
2	4524
3	4525
2	4526
4	4527
1	4528
6	4529
3	4530
4	4531
2	4532
6	4533
2	4534
3	4535
3	4536
2	4537
2	4538
3	4539
4	4540
2	4541
4	4542
5	4543
6	4544
6	4545
6	4546
4	4547
4	4548
3	4549
2	4550
5	4551
1	4552
1	4553
6	4554
4	4555
1	4556
2	4557
3	4558
3	4559
2	4560
1	4561
6	4562
2	4563
5	4564
5	4565
4	4566
6	4567
2	4568
5	4569
4	4570
2	4571
5	4572
5	4573
4	4574
6	4575
3	4576
6	4577
4	4578
4	4579
3	4580
1	4581
2	4582
4	4583
2	4584
2	4585
6	4586
6	4587
2	4588
4	4589
1	4590
6	4591
6	4592
3	4593
3	4594
1	4595
2	4596
5	4597
2	4598
5	4599
1	4600
3	4601
5	4602
5	4603
4	4604
4	4605
3	4606
5	4607
6	4608
5	4609
4	4610
6	4611
4	4612
1	4613
3	4614
1	4615
2	4616
4	4617
5	4618
2	4619
6	4620
2	4621
6	4622
1	4623
5	4624
3	4625
5	4626
2	4627
4	4628
5	4629
6	4630
6	4631
2	4632
1	4633
3	4634
2	4635
2	4636
4	4637
4	4638
1	4639
1	4640
4	4641
5	4642
1	4643
1	4644
6	4645
6	4646
2	4647
6	4648
1	4649
6	4650
6	4651
6	4652
5	4653
3	4654
2	4655
2	4656
3	4657
6	4658
3	4659
4	4660
1	4661
4	4662
2	4663
6	4664
1	4665
5	4666
1	4667
3	4668
6	4669
2	4670
2	4671
5	4672
2	4673
5	4674
5	4675
3	4676
3	4677
4	4678
3	4679
3	4680
4	4681
5	4682
1	4683
5	4684
4	4685
5	4686
6	4687
4	4688
4	4689
4	4690
5	4691
5	4692
4	4693
3	4694
6	4695
3	4696
3	4697
1	4698
5	4699
4	4700
5	4701
1	4702
5	4703
3	4704
5	4705
2	4706
4	4707
5	4708
5	4709
4	4710
2	4711
2	4712
4	4713
3	4714
6	4715
2	4716
3	4717
5	4718
2	4719
5	4720
1	4721
6	4722
5	4723
2	4724
2	4725
5	4726
2	4727
4	4728
2	4729
6	4730
5	4731
2	4732
6	4733
4	4734
5	4735
6	4736
4	4737
2	4738
1	4739
3	4740
5	4741
4	4742
3	4743
4	4744
4	4745
1	4746
1	4747
4	4748
1	4749
3	4750
5	4751
4	4752
4	4753
2	4754
3	4755
3	4756
4	4757
5	4758
6	4759
4	4760
4	4761
2	4762
6	4763
6	4764
4	4765
4	4766
5	4767
1	4768
3	4769
2	4770
5	4771
6	4772
3	4773
6	4774
2	4775
2	4776
3	4777
3	4778
2	4779
2	4780
5	4781
1	4782
6	4783
3	4784
2	4785
1	4786
5	4787
6	4788
3	4789
6	4790
4	4791
4	4792
6	4793
2	4794
4	4795
5	4796
6	4797
5	4798
6	4799
4	4800
3	4801
3	4802
5	4803
3	4804
1	4805
3	4806
1	4807
5	4808
6	4809
5	4810
2	4811
6	4812
4	4813
1	4814
4	4815
6	4816
1	4817
1	4818
5	4819
5	4820
5	4821
2	4822
3	4823
4	4824
4	4825
2	4826
2	4827
2	4828
3	4829
3	4830
1	4831
1	4832
6	4833
6	4834
1	4835
3	4836
2	4837
2	4838
2	4839
6	4840
1	4841
1	4842
3	4843
5	4844
2	4845
2	4846
6	4847
2	4848
5	4849
4	4850
6	4851
2	4852
3	4853
2	4854
6	4855
5	4856
4	4857
6	4858
5	4859
6	4860
1	4861
3	4862
4	4863
1	4864
2	4865
4	4866
6	4867
3	4868
5	4869
3	4870
3	4871
6	4872
4	4873
2	4874
2	4875
5	4876
1	4877
1	4878
4	4879
4	4880
4	4881
1	4882
5	4883
6	4884
4	4885
3	4886
6	4887
6	4888
6	4889
5	4890
1	4891
3	4892
1	4893
2	4894
6	4895
4	4896
2	4897
2	4898
6	4899
4	4900
2	4901
6	4902
4	4903
4	4904
5	4905
4	4906
6	4907
4	4908
4	4909
2	4910
5	4911
1	4912
4	4913
1	4914
6	4915
4	4916
2	4917
2	4918
3	4919
4	4920
4	4921
2	4922
2	4923
6	4924
4	4925
4	4926
6	4927
4	4928
3	4929
3	4930
2	4931
3	4932
5	4933
1	4934
4	4935
2	4936
2	4937
2	4938
1	4939
4	4940
3	4941
5	4942
2	4943
4	4944
3	4945
6	4946
4	4947
1	4948
3	4949
5	4950
4	4951
3	4952
2	4953
3	4954
1	4955
2	4956
2	4957
3	4958
4	4959
5	4960
6	4961
5	4962
1	4963
5	4964
2	4965
3	4966
1	4967
1	4968
4	4969
2	4970
5	4971
2	4972
5	4973
2	4974
4	4975
6	4976
6	4977
1	4978
3	4979
4	4980
1	4981
2	4982
5	4983
1	4984
1	4985
2	4986
1	4987
6	4988
6	4989
1	4990
1	4991
4	4992
4	4993
5	4994
3	4995
5	4996
3	4997
1	4998
4	4999
4	5000
4	5001
2	5002
6	5003
5	5004
1	5005
2	5006
5	5007
3	5008
3	5009
4	5010
5	5011
3	5012
3	5013
1	5014
6	5015
3	5016
4	5017
3	5018
3	5019
3	5020
3	5021
5	5022
6	5023
5	5024
2	5025
5	5026
5	5027
5	5028
3	5029
1	5030
4	5031
2	5032
3	5033
3	5034
5	5035
1	5036
2	5037
6	5038
5	5039
3	5040
6	5041
1	5042
1	5043
6	5044
1	5045
1	5046
2	5047
6	5048
1	5049
2	5050
5	5051
3	5052
6	5053
4	5054
1	5055
5	5056
4	5057
4	5058
3	5059
1	5060
4	5061
3	5062
3	5063
5	5064
1	5065
3	5066
6	5067
4	5068
1	5069
1	5070
4	5071
5	5072
1	5073
3	5074
6	5075
3	5076
3	5077
2	5078
1	5079
4	5080
5	5081
6	5082
4	5083
1	5084
4	5085
5	5086
2	5087
5	5088
5	5089
2	5090
5	5091
6	5092
4	5093
6	5094
5	5095
4	5096
1	5097
4	5098
6	5099
5	5100
6	5101
3	5102
4	5103
1	5104
2	5105
5	5106
5	5107
5	5108
6	5109
1	5110
6	5111
4	5112
2	5113
2	5114
3	5115
2	5116
5	5117
5	5118
2	5119
6	5120
6	5121
1	5122
6	5123
4	5124
1	5125
2	5126
5	5127
2	5128
5	5129
3	5130
5	5131
2	5132
6	5133
4	5134
6	5135
6	5136
6	5137
1	5138
4	5139
6	5140
6	5141
3	5142
4	5143
5	5144
1	5145
1	5146
2	5147
4	5148
4	5149
1	5150
4	5151
5	5152
2	5153
6	5154
4	5155
4	5156
2	5157
3	5158
3	5159
1	5160
5	5161
1	5162
6	5163
5	5164
2	5165
3	5166
2	5167
2	5168
1	5169
5	5170
1	5171
2	5172
5	5173
1	5174
2	5175
6	5176
6	5177
1	5178
2	5179
1	5180
3	5181
3	5182
2	5183
5	5184
2	5185
3	5186
4	5187
2	5188
3	5189
1	5190
1	5191
3	5192
6	5193
5	5194
4	5195
3	5196
5	5197
5	5198
6	5199
3	5200
5	5201
3	5202
3	5203
5	5204
4	5205
5	5206
3	5207
4	5208
2	5209
6	5210
5	5211
6	5212
6	5213
1	5214
1	5215
1	5216
1	5217
4	5218
4	5219
6	5220
2	5221
3	5222
1	5223
5	5224
1	5225
6	5226
4	5227
1	5228
5	5229
1	5230
6	5231
1	5232
6	5233
6	5234
3	5235
2	5236
5	5237
6	5238
5	5239
1	5240
3	5241
2	5242
1	5243
6	5244
2	5245
1	5246
5	5247
6	5248
6	5249
1	5250
6	5251
4	5252
6	5253
6	5254
1	5255
1	5256
3	5257
2	5258
3	5259
4	5260
6	5261
5	5262
1	5263
3	5264
2	5265
1	5266
2	5267
1	5268
3	5269
3	5270
1	5271
1	5272
2	5273
3	5274
2	5275
6	5276
2	5277
1	5278
6	5279
4	5280
1	5281
4	5282
2	5283
4	5284
1	5285
2	5286
1	5287
6	5288
2	5289
3	5290
6	5291
5	5292
2	5293
5	5294
4	5295
5	5296
1	5297
3	5298
6	5299
3	5300
5	5301
1	5302
2	5303
5	5304
1	5305
3	5306
6	5307
4	5308
6	5309
6	5310
4	5311
3	5312
2	5313
4	5314
6	5315
5	5316
6	5317
4	5318
3	5319
2	5320
5	5321
4	5322
3	5323
3	5324
5	5325
6	5326
6	5327
1	5328
6	5329
2	5330
5	5331
5	5332
2	5333
3	5334
6	5335
5	5336
4	5337
6	5338
5	5339
3	5340
3	5341
4	5342
6	5343
1	5344
2	5345
1	5346
1	5347
4	5348
4	5349
1	5350
3	5351
1	5352
5	5353
3	5354
4	5355
6	5356
1	5357
6	5358
4	5359
3	5360
1	5361
1	5362
5	5363
2	5364
3	5365
3	5366
4	5367
1	5368
6	5369
6	5370
2	5371
3	5372
3	5373
1	5374
2	5375
2	5376
5	5377
1	5378
3	5379
2	5380
4	5381
6	5382
5	5383
6	5384
1	5385
1	5386
1	5387
5	5388
3	5389
2	5390
4	5391
3	5392
2	5393
2	5394
4	5395
4	5396
5	5397
2	5398
5	5399
6	5400
1	5401
4	5402
2	5403
5	5404
6	5405
6	5406
5	5407
4	5408
5	5409
4	5410
6	5411
6	5412
6	5413
3	5414
4	5415
1	5416
5	5417
2	5418
1	5419
4	5420
3	5421
6	5422
3	5423
3	5424
6	5425
5	5426
2	5427
3	5428
3	5429
4	5430
6	5431
2	5432
2	5433
2	5434
3	5435
5	5436
6	5437
1	5438
3	5439
5	5440
6	5441
3	5442
2	5443
1	5444
4	5445
5	5446
5	5447
2	5448
1	5449
4	5450
1	5451
2	5452
4	5453
2	5454
6	5455
5	5456
5	5457
3	5458
3	5459
3	5460
4	5461
4	5462
2	5463
2	5464
1	5465
2	5466
3	5467
4	5468
2	5469
6	5470
6	5471
4	5472
4	5473
1	5474
5	5475
3	5476
3	5477
5	5478
4	5479
5	5480
6	5481
1	5482
6	5483
4	5484
3	5485
3	5486
1	5487
1	5488
6	5489
4	5490
6	5491
2	5492
2	5493
2	5494
5	5495
4	5496
1	5497
5	5498
4	5499
4	5500
5	5501
1	5502
5	5503
1	5504
4	5505
6	5506
6	5507
4	5508
4	5509
6	5510
4	5511
1	5512
5	5513
4	5514
5	5515
1	5516
3	5517
3	5518
2	5519
5	5520
4	5521
3	5522
2	5523
6	5524
4	5525
1	5526
4	5527
2	5528
6	5529
4	5530
6	5531
4	5532
2	5533
3	5534
2	5535
6	5536
2	5537
5	5538
6	5539
2	5540
5	5541
4	5542
2	5543
4	5544
5	5545
2	5546
6	5547
6	5548
1	5549
6	5550
4	5551
6	5552
4	5553
1	5554
3	5555
4	5556
3	5557
1	5558
4	5559
3	5560
3	5561
3	5562
1	5563
6	5564
4	5565
4	5566
2	5567
6	5568
6	5569
3	5570
5	5571
6	5572
4	5573
5	5574
3	5575
6	5576
1	5577
3	5578
5	5579
4	5580
4	5581
3	5582
5	5583
2	5584
6	5585
3	5586
6	5587
4	5588
2	5589
4	5590
6	5591
2	5592
4	5593
2	5594
1	5595
2	5596
1	5597
3	5598
1	5599
1	5600
1	5601
1	5602
5	5603
1	5604
3	5605
6	5606
3	5607
6	5608
1	5609
1	5610
6	5611
2	5612
5	5613
4	5614
4	5615
6	5616
1	5617
4	5618
2	5619
2	5620
6	5621
3	5622
3	5623
4	5624
1	5625
4	5626
5	5627
4	5628
3	5629
4	5630
2	5631
5	5632
3	5633
5	5634
5	5635
3	5636
5	5637
6	5638
1	5639
6	5640
1	5641
4	5642
3	5643
6	5644
1	5645
6	5646
1	5647
1	5648
5	5649
2	5650
6	5651
2	5652
4	5653
2	5654
6	5655
6	5656
4	5657
3	5658
4	5659
4	5660
4	5661
2	5662
3	5663
6	5664
2	5665
3	5666
4	5667
5	5668
3	5669
3	5670
4	5671
2	5672
6	5673
5	5674
4	5675
5	5676
3	5677
6	5678
2	5679
4	5680
4	5681
3	5682
1	5683
2	5684
2	5685
4	5686
1	5687
1	5688
1	5689
3	5690
1	5691
1	5692
5	5693
6	5694
5	5695
3	5696
1	5697
4	5698
3	5699
4	5700
5	5701
6	5702
6	5703
2	5704
4	5705
4	5706
3	5707
6	5708
1	5709
3	5710
6	5711
3	5712
1	5713
5	5714
5	5715
1	5716
6	5717
2	5718
1	5719
4	5720
5	5721
5	5722
5	5723
3	5724
4	5725
3	5726
4	5727
4	5728
3	5729
5	5730
1	5731
2	5732
5	5733
2	5734
4	5735
3	5736
1	5737
2	5738
2	5739
4	5740
5	5741
1	5742
1	5743
5	5744
6	5745
5	5746
4	5747
4	5748
6	5749
2	5750
1	5751
3	5752
1	5753
4	5754
4	5755
5	5756
5	5757
3	5758
3	5759
6	5760
2	5761
5	5762
2	5763
2	5764
5	5765
2	5766
6	5767
1	5768
1	5769
5	5770
6	5771
1	5772
1	5773
1	5774
4	5775
4	5776
3	5777
3	5778
1	5779
6	5780
4	5781
2	5782
5	5783
5	5784
3	5785
4	5786
2	5787
2	5788
1	5789
4	5790
4	5791
5	5792
1	5793
2	5794
1	5795
5	5796
4	5797
4	5798
6	5799
4	5800
6	5801
4	5802
5	5803
4	5804
1	5805
4	5806
1	5807
2	5808
6	5809
2	5810
2	5811
6	5812
1	5813
4	5814
4	5815
3	5816
2	5817
1	5818
3	5819
3	5820
5	5821
2	5822
3	5823
6	5824
3	5825
3	5826
5	5827
1	5828
5	5829
1	5830
4	5831
3	5832
5	5833
1	5834
6	5835
6	5836
2	5837
4	5838
3	5839
5	5840
4	5841
6	5842
3	5843
5	5844
2	5845
3	5846
5	5847
3	5848
5	5849
5	5850
3	5851
3	5852
6	5853
2	5854
2	5855
4	5856
2	5857
1	5858
4	5859
2	5860
1	5861
3	5862
4	5863
1	5864
6	5865
2	5866
3	5867
5	5868
3	5869
5	5870
6	5871
5	5872
3	5873
1	5874
2	5875
5	5876
4	5877
3	5878
1	5879
2	5880
5	5881
3	5882
4	5883
3	5884
5	5885
2	5886
3	5887
4	5888
4	5889
6	5890
6	5891
3	5892
2	5893
2	5894
4	5895
6	5896
2	5897
1	5898
5	5899
5	5900
4	5901
4	5902
3	5903
6	5904
6	5905
1	5906
1	5907
4	5908
3	5909
2	5910
1	5911
4	5912
6	5913
6	5914
5	5915
1	5916
6	5917
3	5918
2	5919
5	5920
3	5921
6	5922
1	5923
2	5924
5	5925
1	5926
6	5927
1	5928
5	5929
3	5930
6	5931
5	5932
1	5933
3	5934
6	5935
1	5936
1	5937
5	5938
2	5939
1	5940
2	5941
2	5942
1	5943
2	5944
5	5945
4	5946
3	5947
2	5948
1	5949
1	5950
2	5951
3	5952
6	5953
5	5954
3	5955
5	5956
2	5957
5	5958
3	5959
1	5960
4	5961
3	5962
3	5963
6	5964
6	5965
4	5966
1	5967
5	5968
3	5969
3	5970
5	5971
6	5972
6	5973
4	5974
2	5975
5	5976
3	5977
5	5978
1	5979
5	5980
1	5981
3	5982
5	5983
4	5984
3	5985
6	5986
1	5987
6	5988
3	5989
4	5990
2	5991
5	5992
5	5993
6	5994
6	5995
6	5996
1	5997
4	5998
4	5999
5	6000
6	6001
3	6002
2	6003
4	6004
1	6005
4	6006
6	6007
4	6008
4	6009
3	6010
4	6011
6	6012
3	6013
2	6014
4	6015
1	6016
6	6017
4	6018
2	6019
4	6020
6	6021
6	6022
3	6023
2	6024
3	6025
6	6026
1	6027
5	6028
6	6029
2	6030
6	6031
4	6032
1	6033
4	6034
1	6035
5	6036
6	6037
3	6038
2	6039
6	6040
6	6041
5	6042
3	6043
2	6044
2	6045
6	6046
6	6047
3	6048
1	6049
5	6050
3	6051
4	6052
1	6053
1	6054
2	6055
4	6056
3	6057
2	6058
6	6059
4	6060
6	6061
4	6062
2	6063
6	6064
4	6065
1	6066
6	6067
5	6068
2	6069
2	6070
1	6071
2	6072
4	6073
2	6074
6	6075
6	6076
4	6077
4	6078
5	6079
6	6080
4	6081
3	6082
3	6083
4	6084
6	6085
1	6086
2	6087
5	6088
1	6089
6	6090
6	6091
4	6092
6	6093
3	6094
4	6095
5	6096
3	6097
1	6098
5	6099
4	6100
6	6101
2	6102
1	6103
3	6104
4	6105
3	6106
4	6107
2	6108
2	6109
3	6110
2	6111
4	6112
6	6113
5	6114
5	6115
4	6116
3	6117
3	6118
5	6119
6	6120
6	6121
6	6122
1	6123
2	6124
6	6125
5	6126
4	6127
6	6128
1	6129
5	6130
3	6131
5	6132
1	6133
6	6134
4	6135
1	6136
6	6137
2	6138
1	6139
2	6140
4	6141
2	6142
3	6143
2	6144
3	6145
6	6146
1	6147
4	6148
3	6149
5	6150
1	6151
6	6152
6	6153
1	6154
3	6155
3	6156
4	6157
3	6158
5	6159
1	6160
4	6161
1	6162
3	6163
1	6164
1	6165
2	6166
5	6167
2	6168
6	6169
3	6170
6	6171
4	6172
4	6173
6	6174
4	6175
3	6176
1	6177
4	6178
6	6179
6	6180
1	6181
1	6182
6	6183
6	6184
3	6185
6	6186
6	6187
2	6188
4	6189
5	6190
1	6191
6	6192
1	6193
3	6194
3	6195
3	6196
1	6197
6	6198
1	6199
2	6200
1	6201
4	6202
6	6203
6	6204
1	6205
1	6206
1	6207
2	6208
5	6209
3	6210
5	6211
6	6212
6	6213
4	6214
2	6215
4	6216
1	6217
5	6218
4	6219
3	6220
1	6221
5	6222
2	6223
2	6224
2	6225
5	6226
3	6227
5	6228
4	6229
4	6230
2	6231
4	6232
4	6233
1	6234
6	6235
6	6236
4	6237
1	6238
6	6239
4	6240
1	6241
1	6242
6	6243
5	6244
3	6245
2	6246
1	6247
6	6248
5	6249
1	6250
2	6251
6	6252
1	6253
6	6254
4	6255
4	6256
5	6257
4	6258
6	6259
5	6260
4	6261
4	6262
2	6263
6	6264
1	6265
6	6266
2	6267
1	6268
6	6269
2	6270
1	6271
1	6272
3	6273
6	6274
4	6275
5	6276
6	6277
4	6278
1	6279
3	6280
1	6281
4	6282
6	6283
1	6284
2	6285
5	6286
6	6287
6	6288
1	6289
5	6290
2	6291
3	6292
4	6293
4	6294
6	6295
2	6296
5	6297
3	6298
1	6299
5	6300
4	6301
5	6302
4	6303
2	6304
1	6305
5	6306
5	6307
1	6308
1	6309
1	6310
6	6311
5	6312
2	6313
2	6314
5	6315
6	6316
6	6317
3	6318
3	6319
1	6320
1	6321
5	6322
2	6323
6	6324
2	6325
5	6326
2	6327
4	6328
2	6329
1	6330
5	6331
5	6332
4	6333
3	6334
6	6335
2	6336
4	6337
3	6338
1	6339
1	6340
3	6341
1	6342
3	6343
1	6344
6	6345
2	6346
3	6347
2	6348
3	6349
6	6350
2	6351
5	6352
3	6353
2	6354
5	6355
2	6356
1	6357
1	6358
5	6359
6	6360
1	6361
4	6362
4	6363
2	6364
3	6365
2	6366
4	6367
3	6368
1	6369
2	6370
3	6371
2	6372
3	6373
4	6374
5	6375
6	6376
6	6377
6	6378
4	6379
6	6380
2	6381
1	6382
5	6383
1	6384
6	6385
2	6386
5	6387
5	6388
4	6389
2	6390
3	6391
6	6392
2	6393
3	6394
5	6395
3	6396
2	6397
4	6398
6	6399
4	6400
1	6401
4	6402
1	6403
6	6404
5	6405
2	6406
5	6407
1	6408
3	6409
4	6410
5	6411
2	6412
1	6413
3	6414
3	6415
6	6416
1	6417
2	6418
5	6419
4	6420
3	6421
6	6422
5	6423
1	6424
6	6425
4	6426
6	6427
4	6428
2	6429
2	6430
2	6431
4	6432
4	6433
4	6434
4	6435
6	6436
4	6437
2	6438
4	6439
4	6440
5	6441
2	6442
4	6443
5	6444
5	6445
1	6446
2	6447
4	6448
3	6449
5	6450
5	6451
5	6452
6	6453
5	6454
3	6455
4	6456
6	6457
3	6458
2	6459
2	6460
6	6461
5	6462
5	6463
1	6464
6	6465
2	6466
6	6467
6	6468
1	6469
4	6470
3	6471
4	6472
3	6473
2	6474
3	6475
2	6476
2	6477
2	6478
6	6479
2	6480
4	6481
5	6482
5	6483
1	6484
3	6485
6	6486
3	6487
5	6488
3	6489
2	6490
5	6491
3	6492
5	6493
3	6494
6	6495
3	6496
1	6497
2	6498
4	6499
4	6500
5	6501
4	6502
3	6503
6	6504
6	6505
4	6506
3	6507
6	6508
4	6509
2	6510
6	6511
6	6512
5	6513
3	6514
2	6515
3	6516
5	6517
5	6518
5	6519
2	6520
4	6521
3	6522
6	6523
4	6524
1	6525
6	6526
6	6527
1	6528
4	6529
2	6530
4	6531
4	6532
5	6533
1	6534
3	6535
1	6536
2	6537
4	6538
3	6539
1	6540
3	6541
3	6542
6	6543
6	6544
6	6545
5	6546
1	6547
6	6548
1	6549
5	6550
5	6551
3	6552
1	6553
1	6554
2	6555
1	6556
6	6557
5	6558
5	6559
3	6560
3	6561
6	6562
5	6563
3	6564
1	6565
3	6566
2	6567
1	6568
3	6569
2	6570
2	6571
5	6572
1	6573
1	6574
4	6575
4	6576
4	6577
6	6578
4	6579
5	6580
4	6581
2	6582
2	6583
1	6584
5	6585
1	6586
1	6587
4	6588
2	6589
3	6590
5	6591
6	6592
1	6593
2	6594
2	6595
4	6596
4	6597
5	6598
1	6599
1	6600
5	6601
6	6602
2	6603
5	6604
5	6605
6	6606
6	6607
6	6608
2	6609
6	6610
6	6611
6	6612
4	6613
6	6614
4	6615
4	6616
2	6617
5	6618
2	6619
5	6620
2	6621
6	6622
5	6623
1	6624
3	6625
1	6626
1	6627
6	6628
3	6629
5	6630
6	6631
1	6632
3	6633
4	6634
2	6635
5	6636
5	6637
4	6638
4	6639
1	6640
2	6641
4	6642
1	6643
1	6644
2	6645
1	6646
3	6647
2	6648
4	6649
1	6650
2	6651
2	6652
1	6653
2	6654
5	6655
5	6656
5	6657
6	6658
6	6659
3	6660
5	6661
1	6662
4	6663
4	6664
1	6665
5	6666
5	6667
2	6668
2	6669
3	6670
3	6671
5	6672
6	6673
5	6674
5	6675
2	6676
5	6677
3	6678
5	6679
3	6680
2	6681
2	6682
1	6683
3	6684
1	6685
4	6686
5	6687
5	6688
6	6689
3	6690
3	6691
4	6692
1	6693
2	6694
5	6695
6	6696
6	6697
4	6698
3	6699
5	6700
5	6701
6	6702
2	6703
1	6704
5	6705
5	6706
2	6707
4	6708
3	6709
2	6710
6	6711
5	6712
1	6713
5	6714
4	6715
6	6716
4	6717
1	6718
1	6719
6	6720
3	6721
4	6722
4	6723
6	6724
1	6725
1	6726
4	6727
2	6728
4	6729
3	6730
3	6731
3	6732
2	6733
4	6734
6	6735
1	6736
5	6737
4	6738
2	6739
2	6740
1	6741
5	6742
5	6743
2	6744
2	6745
4	6746
2	6747
2	6748
1	6749
5	6750
1	6751
5	6752
1	6753
3	6754
1	6755
4	6756
5	6757
4	6758
2	6759
5	6760
4	6761
1	6762
1	6763
5	6764
3	6765
4	6766
4	6767
4	6768
6	6769
5	6770
5	6771
5	6772
4	6773
4	6774
3	6775
5	6776
5	6777
6	6778
1	6779
6	6780
4	6781
4	6782
1	6783
5	6784
2	6785
6	6786
6	6787
1	6788
3	6789
1	6790
4	6791
1	6792
3	6793
3	6794
3	6795
1	6796
3	6797
1	6798
4	6799
4	6800
4	6801
6	6802
4	6803
4	6804
6	6805
3	6806
6	6807
6	6808
1	6809
6	6810
4	6811
6	6812
5	6813
6	6814
6	6815
5	6816
1	6817
5	6818
4	6819
6	6820
2	6821
5	6822
4	6823
5	6824
2	6825
5	6826
1	6827
4	6828
3	6829
1	6830
3	6831
3	6832
6	6833
1	6834
1	6835
5	6836
6	6837
3	6838
6	6839
3	6840
4	6841
4	6842
6	6843
5	6844
1	6845
3	6846
4	6847
5	6848
3	6849
6	6850
3	6851
4	6852
3	6853
2	6854
1	6855
5	6856
5	6857
5	6858
3	6859
1	6860
1	6861
6	6862
1	6863
4	6864
2	6865
3	6866
1	6867
1	6868
2	6869
1	6870
4	6871
6	6872
3	6873
3	6874
4	6875
2	6876
1	6877
6	6878
2	6879
2	6880
5	6881
5	6882
6	6883
4	6884
4	6885
5	6886
1	6887
6	6888
2	6889
2	6890
5	6891
1	6892
2	6893
2	6894
6	6895
6	6896
6	6897
2	6898
1	6899
1	6900
6	6901
5	6902
5	6903
5	6904
2	6905
6	6906
6	6907
2	6908
2	6909
3	6910
4	6911
6	6912
2	6913
2	6914
3	6915
3	6916
4	6917
2	6918
1	6919
3	6920
6	6921
3	6922
5	6923
4	6924
5	6925
6	6926
6	6927
2	6928
1	6929
2	6930
3	6931
5	6932
6	6933
6	6934
3	6935
5	6936
3	6937
2	6938
1	6939
4	6940
5	6941
5	6942
1	6943
1	6944
2	6945
4	6946
4	6947
1	6948
3	6949
4	6950
4	6951
1	6952
1	6953
1	6954
3	6955
5	6956
1	6957
1	6958
4	6959
4	6960
1	6961
1	6962
1	6963
3	6964
3	6965
4	6966
6	6967
6	6968
5	6969
6	6970
1	6971
6	6972
1	6973
2	6974
3	6975
5	6976
1	6977
2	6978
5	6979
2	6980
2	6981
6	6982
6	6983
2	6984
5	6985
5	6986
1	6987
2	6988
3	6989
1	6990
2	6991
5	6992
3	6993
1	6994
5	6995
2	6996
1	6997
5	6998
3	6999
5	7000
4	7001
4	7002
5	7003
4	7004
5	7005
4	7006
3	7007
6	7008
3	7009
2	7010
6	7011
1	7012
2	7013
4	7014
3	7015
2	7016
1	7017
2	7018
5	7019
5	7020
1	7021
2	7022
4	7023
3	7024
5	7025
1	7026
2	7027
6	7028
4	7029
3	7030
6	7031
2	7032
3	7033
6	7034
5	7035
1	7036
1	7037
4	7038
4	7039
6	7040
5	7041
3	7042
2	7043
6	7044
3	7045
4	7046
5	7047
1	7048
1	7049
3	7050
6	7051
4	7052
4	7053
3	7054
2	7055
1	7056
5	7057
2	7058
3	7059
5	7060
1	7061
3	7062
4	7063
2	7064
3	7065
1	7066
1	7067
2	7068
6	7069
2	7070
6	7071
2	7072
3	7073
6	7074
4	7075
4	7076
1	7077
2	7078
2	7079
5	7080
4	7081
4	7082
1	7083
5	7084
6	7085
2	7086
1	7087
5	7088
5	7089
1	7090
2	7091
6	7092
6	7093
4	7094
3	7095
1	7096
1	7097
1	7098
1	7099
2	7100
3	7101
5	7102
5	7103
2	7104
6	7105
6	7106
1	7107
3	7108
6	7109
2	7110
2	7111
1	7112
5	7113
4	7114
5	7115
1	7116
3	7117
4	7118
4	7119
4	7120
2	7121
3	7122
5	7123
6	7124
1	7125
4	7126
3	7127
3	7128
4	7129
5	7130
6	7131
2	7132
6	7133
1	7134
6	7135
3	7136
1	7137
6	7138
3	7139
5	7140
3	7141
2	7142
1	7143
1	7144
2	7145
2	7146
4	7147
3	7148
3	7149
1	7150
4	7151
2	7152
1	7153
1	7154
3	7155
5	7156
3	7157
1	7158
1	7159
5	7160
1	7161
2	7162
4	7163
5	7164
5	7165
6	7166
2	7167
6	7168
2	7169
1	7170
2	7171
1	7172
1	7173
2	7174
5	7175
6	7176
5	7177
1	7178
2	7179
4	7180
1	7181
1	7182
4	7183
1	7184
6	7185
6	7186
5	7187
6	7188
3	7189
1	7190
2	7191
1	7192
6	7193
3	7194
4	7195
6	7196
3	7197
5	7198
3	7199
2	7200
4	7201
1	7202
1	7203
5	7204
2	7205
1	7206
2	7207
6	7208
2	7209
1	7210
4	7211
6	7212
3	7213
6	7214
2	7215
4	7216
1	7217
1	7218
3	7219
3	7220
2	7221
4	7222
3	7223
1	7224
5	7225
3	7226
6	7227
4	7228
2	7229
1	7230
1	7231
1	7232
3	7233
3	7234
2	7235
1	7236
1	7237
6	7238
4	7239
6	7240
3	7241
6	7242
4	7243
6	7244
1	7245
6	7246
6	7247
6	7248
5	7249
2	7250
2	7251
6	7252
4	7253
2	7254
4	7255
6	7256
6	7257
2	7258
1	7259
5	7260
5	7261
5	7262
4	7263
6	7264
4	7265
6	7266
1	7267
6	7268
5	7269
3	7270
6	7271
4	7272
3	7273
2	7274
5	7275
6	7276
2	7277
4	7278
3	7279
6	7280
1	7281
1	7282
6	7283
6	7284
3	7285
3	7286
2	7287
3	7288
3	7289
5	7290
2	7291
3	7292
5	7293
6	7294
6	7295
2	7296
4	7297
6	7298
1	7299
5	7300
4	7301
1	7302
3	7303
1	7304
4	7305
3	7306
2	7307
3	7308
2	7309
6	7310
6	7311
4	7312
1	7313
1	7314
2	7315
5	7316
4	7317
6	7318
2	7319
4	7320
5	7321
6	7322
1	7323
6	7324
6	7325
1	7326
1	7327
1	7328
4	7329
1	7330
4	7331
4	7332
4	7333
1	7334
1	7335
1	7336
5	7337
5	7338
2	7339
6	7340
6	7341
2	7342
4	7343
5	7344
1	7345
4	7346
2	7347
6	7348
2	7349
3	7350
1	7351
1	7352
3	7353
6	7354
2	7355
1	7356
4	7357
1	7358
5	7359
4	7360
6	7361
3	7362
2	7363
3	7364
3	7365
4	7366
2	7367
5	7368
5	7369
3	7370
3	7371
1	7372
2	7373
5	7374
2	7375
2	7376
3	7377
6	7378
3	7379
6	7380
2	7381
6	7382
2	7383
6	7384
4	7385
4	7386
5	7387
4	7388
3	7389
3	7390
5	7391
3	7392
2	7393
2	7394
3	7395
2	7396
5	7397
4	7398
2	7399
1	7400
3	7401
6	7402
1	7403
5	7404
4	7405
2	7406
4	7407
2	7408
1	7409
5	7410
4	7411
4	7412
4	7413
3	7414
4	7415
2	7416
3	7417
2	7418
5	7419
4	7420
3	7421
5	7422
6	7423
1	7424
3	7425
5	7426
4	7427
1	7428
2	7429
3	7430
1	7431
5	7432
3	7433
6	7434
1	7435
2	7436
3	7437
3	7438
1	7439
4	7440
2	7441
3	7442
1	7443
2	7444
1	7445
1	7446
6	7447
3	7448
3	7449
2	7450
1	7451
5	7452
1	7453
6	7454
2	7455
2	7456
2	7457
2	7458
2	7459
4	7460
1	7461
4	7462
6	7463
4	7464
1	7465
3	7466
6	7467
6	7468
5	7469
3	7470
5	7471
4	7472
6	7473
3	7474
4	7475
3	7476
2	7477
3	7478
1	7479
1	7480
3	7481
6	7482
6	7483
2	7484
4	7485
4	7486
6	7487
1	7488
6	7489
3	7490
3	7491
6	7492
5	7493
1	7494
4	7495
2	7496
1	7497
2	7498
2	7499
5	7500
5	7501
4	7502
5	7503
1	7504
4	7505
3	7506
1	7507
4	7508
6	7509
3	7510
6	7511
6	7512
6	7513
2	7514
1	7515
4	7516
5	7517
3	7518
2	7519
4	7520
2	7521
2	7522
4	7523
1	7524
6	7525
3	7526
2	7527
5	7528
6	7529
1	7530
4	7531
6	7532
5	7533
3	7534
2	7535
1	7536
5	7537
3	7538
3	7539
3	7540
4	7541
3	7542
1	7543
3	7544
5	7545
4	7546
6	7547
5	7548
6	7549
6	7550
1	7551
6	7552
3	7553
2	7554
2	7555
2	7556
5	7557
5	7558
4	7559
5	7560
5	7561
2	7562
1	7563
5	7564
3	7565
3	7566
6	7567
6	7568
4	7569
3	7570
2	7571
1	7572
2	7573
2	7574
5	7575
6	7576
5	7577
5	7578
1	7579
4	7580
3	7581
4	7582
3	7583
4	7584
4	7585
2	7586
2	7587
4	7588
4	7589
6	7590
5	7591
6	7592
3	7593
4	7594
3	7595
3	7596
4	7597
5	7598
2	7599
3	7600
1	7601
6	7602
1	7603
1	7604
1	7605
2	7606
3	7607
1	7608
4	7609
1	7610
2	7611
2	7612
6	7613
3	7614
3	7615
2	7616
2	7617
4	7618
1	7619
3	7620
4	7621
6	7622
1	7623
2	7624
3	7625
3	7626
2	7627
1	7628
1	7629
4	7630
4	7631
1	7632
5	7633
1	7634
6	7635
6	7636
1	7637
4	7638
2	7639
2	7640
3	7641
1	7642
2	7643
6	7644
4	7645
5	7646
1	7647
5	7648
3	7649
3	7650
2	7651
3	7652
2	7653
5	7654
3	7655
3	7656
4	7657
6	7658
1	7659
5	7660
2	7661
2	7662
5	7663
3	7664
1	7665
3	7666
5	7667
1	7668
6	7669
1	7670
1	7671
3	7672
2	7673
4	7674
5	7675
1	7676
3	7677
6	7678
3	7679
6	7680
3	7681
1	7682
6	7683
2	7684
4	7685
3	7686
4	7687
2	7688
4	7689
3	7690
2	7691
3	7692
3	7693
3	7694
4	7695
1	7696
3	7697
4	7698
6	7699
2	7700
2	7701
4	7702
2	7703
5	7704
5	7705
4	7706
3	7707
4	7708
2	7709
3	7710
2	7711
4	7712
3	7713
1	7714
6	7715
5	7716
6	7717
5	7718
5	7719
1	7720
6	7721
6	7722
3	7723
6	7724
4	7725
3	7726
1	7727
1	7728
2	7729
4	7730
4	7731
3	7732
2	7733
6	7734
4	7735
3	7736
4	7737
1	7738
2	7739
6	7740
2	7741
3	7742
3	7743
3	7744
6	7745
3	7746
3	7747
3	7748
2	7749
3	7750
3	7751
4	7752
2	7753
4	7754
6	7755
2	7756
2	7757
6	7758
1	7759
5	7760
6	7761
1	7762
6	7763
1	7764
1	7765
1	7766
1	7767
1	7768
1	7769
4	7770
4	7771
1	7772
6	7773
5	7774
4	7775
2	7776
1	7777
1	7778
5	7779
3	7780
4	7781
5	7782
5	7783
1	7784
6	7785
3	7786
2	7787
3	7788
6	7789
5	7790
5	7791
3	7792
3	7793
6	7794
2	7795
6	7796
6	7797
5	7798
2	7799
2	7800
3	7801
4	7802
3	7803
2	7804
2	7805
2	7806
1	7807
1	7808
5	7809
2	7810
1	7811
1	7812
6	7813
5	7814
4	7815
4	7816
1	7817
6	7818
5	7819
4	7820
1	7821
4	7822
6	7823
5	7824
2	7825
4	7826
6	7827
2	7828
5	7829
3	7830
4	7831
4	7832
5	7833
4	7834
1	7835
3	7836
5	7837
5	7838
3	7839
1	7840
3	7841
6	7842
6	7843
4	7844
4	7845
1	7846
5	7847
2	7848
3	7849
1	7850
4	7851
2	7852
5	7853
5	7854
1	7855
5	7856
3	7857
5	7858
2	7859
6	7860
3	7861
3	7862
5	7863
3	7864
3	7865
3	7866
1	7867
3	7868
6	7869
2	7870
6	7871
6	7872
1	7873
6	7874
4	7875
2	7876
5	7877
6	7878
3	7879
2	7880
5	7881
6	7882
1	7883
3	7884
6	7885
2	7886
3	7887
3	7888
6	7889
6	7890
5	7891
5	7892
1	7893
2	7894
1	7895
2	7896
5	7897
4	7898
3	7899
2	7900
6	7901
2	7902
2	7903
5	7904
1	7905
4	7906
5	7907
3	7908
2	7909
6	7910
4	7911
6	7912
2	7913
2	7914
2	7915
4	7916
5	7917
6	7918
2	7919
3	7920
4	7921
6	7922
4	7923
4	7924
1	7925
2	7926
6	7927
2	7928
3	7929
1	7930
1	7931
1	7932
1	7933
2	7934
2	7935
5	7936
5	7937
2	7938
6	7939
2	7940
1	7941
1	7942
3	7943
4	7944
4	7945
4	7946
3	7947
4	7948
5	7949
5	7950
2	7951
5	7952
3	7953
5	7954
4	7955
3	7956
4	7957
3	7958
3	7959
2	7960
6	7961
5	7962
4	7963
4	7964
1	7965
4	7966
2	7967
3	7968
2	7969
2	7970
1	7971
2	7972
1	7973
5	7974
6	7975
3	7976
4	7977
2	7978
4	7979
1	7980
6	7981
1	7982
3	7983
3	7984
4	7985
6	7986
4	7987
3	7988
4	7989
6	7990
3	7991
2	7992
4	7993
6	7994
1	7995
4	7996
2	7997
2	7998
4	7999
6	8000
6	8001
2	8002
6	8003
4	8004
4	8005
3	8006
4	8007
4	8008
3	8009
6	8010
2	8011
5	8012
3	8013
4	8014
4	8015
3	8016
3	8017
2	8018
6	8019
4	8020
1	8021
4	8022
4	8023
4	8024
4	8025
5	8026
6	8027
3	8028
2	8029
1	8030
1	8031
3	8032
3	8033
2	8034
3	8035
1	8036
2	8037
3	8038
6	8039
5	8040
1	8041
1	8042
4	8043
5	8044
6	8045
5	8046
5	8047
5	8048
4	8049
6	8050
1	8051
3	8052
6	8053
3	8054
2	8055
6	8056
1	8057
6	8058
2	8059
6	8060
1	8061
6	8062
2	8063
3	8064
5	8065
2	8066
2	8067
4	8068
2	8069
6	8070
4	8071
3	8072
2	8073
1	8074
5	8075
3	8076
3	8077
1	8078
1	8079
2	8080
1	8081
2	8082
1	8083
3	8084
4	8085
5	8086
1	8087
5	8088
6	8089
6	8090
4	8091
1	8092
4	8093
2	8094
3	8095
6	8096
5	8097
1	8098
4	8099
4	8100
3	8101
2	8102
4	8103
4	8104
5	8105
6	8106
2	8107
6	8108
1	8109
1	8110
4	8111
6	8112
6	8113
1	8114
4	8115
3	8116
4	8117
6	8118
1	8119
1	8120
2	8121
5	8122
4	8123
4	8124
1	8125
5	8126
5	8127
3	8128
1	8129
3	8130
4	8131
4	8132
4	8133
2	8134
3	8135
2	8136
6	8137
3	8138
3	8139
2	8140
5	8141
5	8142
4	8143
2	8144
4	8145
3	8146
3	8147
6	8148
3	8149
5	8150
5	8151
5	8152
2	8153
5	8154
2	8155
6	8156
4	8157
2	8158
4	8159
6	8160
4	8161
4	8162
2	8163
2	8164
1	8165
6	8166
1	8167
3	8168
6	8169
6	8170
1	8171
6	8172
2	8173
1	8174
5	8175
1	8176
6	8177
1	8178
1	8179
3	8180
5	8181
2	8182
1	8183
4	8184
1	8185
2	8186
2	8187
2	8188
6	8189
6	8190
4	8191
1	8192
6	8193
4	8194
6	8195
6	8196
4	8197
6	8198
4	8199
3	8200
1	8201
6	8202
4	8203
3	8204
3	8205
4	8206
6	8207
1	8208
6	8209
2	8210
5	8211
5	8212
4	8213
1	8214
1	8215
3	8216
4	8217
5	8218
5	8219
3	8220
2	8221
1	8222
3	8223
3	8224
1	8225
3	8226
2	8227
1	8228
2	8229
6	8230
5	8231
1	8232
2	8233
6	8234
5	8235
2	8236
3	8237
6	8238
1	8239
4	8240
4	8241
2	8242
5	8243
4	8244
1	8245
4	8246
3	8247
2	8248
6	8249
1	8250
2	8251
5	8252
4	8253
3	8254
1	8255
6	8256
2	8257
2	8258
4	8259
1	8260
4	8261
1	8262
4	8263
1	8264
4	8265
2	8266
1	8267
1	8268
6	8269
4	8270
6	8271
5	8272
2	8273
6	8274
4	8275
3	8276
5	8277
5	8278
4	8279
4	8280
3	8281
4	8282
5	8283
5	8284
4	8285
2	8286
2	8287
1	8288
6	8289
4	8290
3	8291
5	8292
6	8293
3	8294
4	8295
3	8296
3	8297
6	8298
2	8299
3	8300
3	8301
6	8302
3	8303
3	8304
3	8305
2	8306
4	8307
6	8308
3	8309
3	8310
3	8311
6	8312
2	8313
1	8314
5	8315
4	8316
5	8317
5	8318
5	8319
2	8320
4	8321
1	8322
6	8323
3	8324
3	8325
4	8326
6	8327
6	8328
1	8329
4	8330
5	8331
3	8332
6	8333
1	8334
1	8335
5	8336
6	8337
3	8338
2	8339
6	8340
2	8341
5	8342
2	8343
4	8344
2	8345
1	8346
6	8347
3	8348
6	8349
3	8350
4	8351
2	8352
3	8353
2	8354
2	8355
4	8356
5	8357
2	8358
1	8359
4	8360
5	8361
4	8362
2	8363
6	8364
4	8365
3	8366
1	8367
4	8368
5	8369
2	8370
1	8371
1	8372
5	8373
3	8374
2	8375
3	8376
4	8377
2	8378
2	8379
4	8380
3	8381
3	8382
1	8383
4	8384
5	8385
6	8386
2	8387
6	8388
6	8389
6	8390
3	8391
3	8392
2	8393
4	8394
2	8395
5	8396
4	8397
5	8398
4	8399
4	8400
6	8401
2	8402
3	8403
4	8404
2	8405
4	8406
6	8407
3	8408
3	8409
1	8410
3	8411
6	8412
2	8413
5	8414
3	8415
6	8416
4	8417
2	8418
3	8419
1	8420
1	8421
3	8422
3	8423
3	8424
5	8425
1	8426
2	8427
1	8428
5	8429
1	8430
2	8431
6	8432
4	8433
4	8434
6	8435
3	8436
3	8437
2	8438
2	8439
1	8440
1	8441
5	8442
3	8443
2	8444
6	8445
1	8446
5	8447
1	8448
2	8449
4	8450
3	8451
6	8452
1	8453
6	8454
3	8455
1	8456
3	8457
6	8458
3	8459
2	8460
6	8461
5	8462
6	8463
6	8464
6	8465
2	8466
3	8467
2	8468
6	8469
2	8470
1	8471
6	8472
6	8473
3	8474
3	8475
2	8476
5	8477
1	8478
3	8479
1	8480
1	8481
3	8482
4	8483
4	8484
4	8485
4	8486
4	8487
3	8488
3	8489
2	8490
1	8491
5	8492
1	8493
4	8494
6	8495
1	8496
6	8497
2	8498
2	8499
4	8500
1	8501
1	8502
5	8503
3	8504
5	8505
1	8506
5	8507
5	8508
6	8509
1	8510
5	8511
5	8512
5	8513
2	8514
4	8515
6	8516
3	8517
2	8518
4	8519
3	8520
3	8521
3	8522
3	8523
4	8524
4	8525
6	8526
3	8527
5	8528
1	8529
1	8530
1	8531
2	8532
2	8533
1	8534
2	8535
3	8536
5	8537
6	8538
1	8539
3	8540
4	8541
5	8542
3	8543
5	8544
6	8545
4	8546
3	8547
5	8548
3	8549
2	8550
4	8551
1	8552
3	8553
1	8554
3	8555
1	8556
6	8557
6	8558
3	8559
2	8560
4	8561
5	8562
4	8563
4	8564
5	8565
2	8566
1	8567
6	8568
6	8569
1	8570
6	8571
1	8572
1	8573
5	8574
3	8575
3	8576
2	8577
4	8578
3	8579
6	8580
2	8581
3	8582
4	8583
2	8584
2	8585
1	8586
2	8587
2	8588
3	8589
1	8590
3	8591
2	8592
1	8593
1	8594
5	8595
1	8596
2	8597
1	8598
1	8599
5	8600
5	8601
2	8602
4	8603
2	8604
3	8605
4	8606
3	8607
3	8608
6	8609
6	8610
4	8611
6	8612
2	8613
5	8614
1	8615
3	8616
3	8617
1	8618
4	8619
4	8620
3	8621
3	8622
5	8623
4	8624
5	8625
6	8626
3	8627
2	8628
1	8629
2	8630
5	8631
1	8632
4	8633
6	8634
4	8635
1	8636
6	8637
4	8638
6	8639
2	8640
2	8641
4	8642
3	8643
6	8644
1	8645
4	8646
3	8647
3	8648
4	8649
1	8650
2	8651
3	8652
1	8653
1	8654
4	8655
3	8656
5	8657
3	8658
2	8659
2	8660
6	8661
1	8662
2	8663
2	8664
5	8665
1	8666
3	8667
4	8668
2	8669
5	8670
1	8671
5	8672
6	8673
5	8674
5	8675
6	8676
6	8677
3	8678
2	8679
2	8680
1	8681
5	8682
5	8683
1	8684
5	8685
6	8686
3	8687
3	8688
2	8689
6	8690
2	8691
1	8692
6	8693
6	8694
6	8695
4	8696
5	8697
4	8698
1	8699
4	8700
6	8701
1	8702
6	8703
5	8704
3	8705
3	8706
4	8707
1	8708
3	8709
5	8710
3	8711
3	8712
2	8713
1	8714
6	8715
6	8716
2	8717
2	8718
3	8719
6	8720
1	8721
1	8722
6	8723
5	8724
2	8725
6	8726
2	8727
1	8728
3	8729
5	8730
4	8731
1	8732
1	8733
3	8734
2	8735
6	8736
6	8737
5	8738
5	8739
3	8740
1	8741
5	8742
4	8743
2	8744
5	8745
2	8746
1	8747
3	8748
4	8749
6	8750
6	8751
6	8752
3	8753
3	8754
4	8755
1	8756
2	8757
1	8758
5	8759
2	8760
2	8761
4	8762
3	8763
2	8764
4	8765
2	8766
1	8767
2	8768
4	8769
4	8770
4	8771
1	8772
1	8773
5	8774
1	8775
6	8776
3	8777
5	8778
3	8779
1	8780
6	8781
1	8782
4	8783
2	8784
4	8785
4	8786
6	8787
6	8788
1	8789
3	8790
3	8791
1	8792
6	8793
4	8794
1	8795
1	8796
6	8797
1	8798
6	8799
1	8800
3	8801
1	8802
5	8803
6	8804
6	8805
2	8806
2	8807
4	8808
5	8809
1	8810
2	8811
1	8812
2	8813
1	8814
6	8815
3	8816
6	8817
5	8818
4	8819
5	8820
5	8821
3	8822
1	8823
2	8824
5	8825
1	8826
3	8827
1	8828
3	8829
2	8830
3	8831
4	8832
2	8833
2	8834
4	8835
5	8836
5	8837
1	8838
3	8839
3	8840
3	8841
5	8842
2	8843
2	8844
6	8845
6	8846
1	8847
3	8848
2	8849
3	8850
6	8851
6	8852
6	8853
6	8854
1	8855
5	8856
6	8857
5	8858
2	8859
2	8860
6	8861
6	8862
2	8863
3	8864
3	8865
4	8866
3	8867
4	8868
2	8869
5	8870
2	8871
6	8872
1	8873
3	8874
2	8875
6	8876
3	8877
3	8878
4	8879
1	8880
1	8881
6	8882
5	8883
5	8884
3	8885
5	8886
1	8887
2	8888
2	8889
1	8890
6	8891
4	8892
2	8893
3	8894
4	8895
3	8896
2	8897
5	8898
2	8899
3	8900
6	8901
6	8902
6	8903
6	8904
4	8905
5	8906
2	8907
6	8908
1	8909
3	8910
1	8911
1	8912
1	8913
3	8914
4	8915
4	8916
1	8917
3	8918
6	8919
1	8920
1	8921
5	8922
6	8923
2	8924
6	8925
3	8926
1	8927
4	8928
3	8929
3	8930
4	8931
4	8932
4	8933
2	8934
3	8935
1	8936
1	8937
2	8938
2	8939
3	8940
2	8941
2	8942
1	8943
1	8944
5	8945
1	8946
5	8947
2	8948
3	8949
5	8950
5	8951
1	8952
3	8953
6	8954
5	8955
4	8956
2	8957
6	8958
5	8959
5	8960
3	8961
1	8962
5	8963
5	8964
4	8965
4	8966
6	8967
2	8968
4	8969
3	8970
2	8971
4	8972
4	8973
6	8974
6	8975
4	8976
5	8977
6	8978
5	8979
4	8980
6	8981
1	8982
6	8983
2	8984
5	8985
4	8986
5	8987
1	8988
6	8989
2	8990
4	8991
6	8992
2	8993
5	8994
6	8995
5	8996
1	8997
1	8998
2	8999
6	9000
3	9001
6	9002
2	9003
6	9004
4	9005
6	9006
5	9007
2	9008
3	9009
3	9010
5	9011
2	9012
4	9013
4	9014
6	9015
3	9016
5	9017
3	9018
6	9019
2	9020
2	9021
4	9022
3	9023
6	9024
6	9025
3	9026
3	9027
1	9028
3	9029
4	9030
4	9031
3	9032
2	9033
6	9034
5	9035
2	9036
3	9037
2	9038
6	9039
1	9040
5	9041
2	9042
1	9043
4	9044
4	9045
2	9046
4	9047
4	9048
4	9049
1	9050
2	9051
5	9052
6	9053
5	9054
3	9055
3	9056
1	9057
2	9058
3	9059
4	9060
3	9061
2	9062
4	9063
1	9064
2	9065
6	9066
4	9067
6	9068
2	9069
6	9070
6	9071
2	9072
6	9073
4	9074
5	9075
5	9076
1	9077
1	9078
4	9079
4	9080
6	9081
4	9082
3	9083
6	9084
5	9085
3	9086
4	9087
6	9088
4	9089
4	9090
4	9091
1	9092
5	9093
6	9094
2	9095
4	9096
2	9097
2	9098
6	9099
2	9100
2	9101
3	9102
4	9103
3	9104
1	9105
2	9106
2	9107
3	9108
3	9109
1	9110
1	9111
4	9112
5	9113
2	9114
5	9115
6	9116
5	9117
2	9118
1	9119
5	9120
2	9121
4	9122
5	9123
2	9124
2	9125
5	9126
5	9127
3	9128
2	9129
1	9130
2	9131
2	9132
5	9133
1	9134
3	9135
3	9136
5	9137
3	9138
2	9139
3	9140
2	9141
4	9142
4	9143
4	9144
6	9145
3	9146
2	9147
6	9148
4	9149
3	9150
5	9151
1	9152
2	9153
6	9154
4	9155
4	9156
1	9157
1	9158
6	9159
2	9160
2	9161
6	9162
6	9163
2	9164
6	9165
6	9166
1	9167
4	9168
3	9169
3	9170
1	9171
1	9172
3	9173
5	9174
5	9175
6	9176
1	9177
3	9178
1	9179
5	9180
3	9181
4	9182
2	9183
6	9184
4	9185
5	9186
2	9187
5	9188
6	9189
3	9190
1	9191
5	9192
2	9193
6	9194
5	9195
1	9196
4	9197
6	9198
1	9199
2	9200
1	9201
4	9202
1	9203
5	9204
4	9205
6	9206
2	9207
1	9208
6	9209
6	9210
4	9211
1	9212
2	9213
6	9214
6	9215
3	9216
4	9217
6	9218
4	9219
1	9220
3	9221
4	9222
4	9223
3	9224
4	9225
5	9226
1	9227
4	9228
5	9229
1	9230
6	9231
6	9232
1	9233
5	9234
5	9235
3	9236
1	9237
4	9238
6	9239
3	9240
1	9241
6	9242
3	9243
2	9244
4	9245
6	9246
1	9247
6	9248
6	9249
1	9250
5	9251
4	9252
6	9253
1	9254
1	9255
5	9256
3	9257
6	9258
5	9259
2	9260
5	9261
5	9262
5	9263
4	9264
3	9265
2	9266
6	9267
6	9268
3	9269
6	9270
6	9271
1	9272
2	9273
1	9274
2	9275
5	9276
3	9277
5	9278
5	9279
4	9280
6	9281
4	9282
2	9283
6	9284
3	9285
2	9286
1	9287
1	9288
3	9289
3	9290
3	9291
3	9292
5	9293
5	9294
3	9295
3	9296
4	9297
3	9298
1	9299
4	9300
2	9301
4	9302
5	9303
4	9304
1	9305
4	9306
2	9307
6	9308
6	9309
2	9310
3	9311
6	9312
4	9313
3	9314
4	9315
4	9316
1	9317
4	9318
3	9319
2	9320
3	9321
2	9322
6	9323
4	9324
2	9325
1	9326
4	9327
2	9328
2	9329
6	9330
3	9331
6	9332
6	9333
4	9334
5	9335
3	9336
2	9337
6	9338
2	9339
5	9340
4	9341
1	9342
4	9343
4	9344
3	9345
6	9346
6	9347
5	9348
1	9349
1	9350
2	9351
5	9352
2	9353
6	9354
6	9355
2	9356
1	9357
4	9358
3	9359
4	9360
2	9361
2	9362
6	9363
2	9364
1	9365
5	9366
4	9367
1	9368
6	9369
4	9370
3	9371
5	9372
6	9373
3	9374
5	9375
6	9376
1	9377
3	9378
4	9379
4	9380
5	9381
2	9382
5	9383
3	9384
2	9385
3	9386
5	9387
3	9388
4	9389
5	9390
5	9391
3	9392
2	9393
3	9394
6	9395
6	9396
6	9397
2	9398
2	9399
2	9400
4	9401
6	9402
2	9403
2	9404
1	9405
1	9406
5	9407
2	9408
1	9409
3	9410
1	9411
1	9412
4	9413
4	9414
6	9415
5	9416
1	9417
5	9418
5	9419
5	9420
6	9421
1	9422
1	9423
4	9424
2	9425
2	9426
3	9427
4	9428
3	9429
5	9430
3	9431
1	9432
4	9433
1	9434
2	9435
4	9436
2	9437
3	9438
4	9439
5	9440
1	9441
4	9442
3	9443
4	9444
1	9445
1	9446
2	9447
6	9448
4	9449
5	9450
2	9451
5	9452
2	9453
5	9454
6	9455
4	9456
2	9457
3	9458
2	9459
5	9460
3	9461
4	9462
2	9463
6	9464
6	9465
2	9466
1	9467
3	9468
6	9469
6	9470
5	9471
3	9472
6	9473
4	9474
2	9475
6	9476
3	9477
6	9478
2	9479
4	9480
4	9481
4	9482
4	9483
1	9484
5	9485
6	9486
3	9487
5	9488
1	9489
4	9490
6	9491
2	9492
1	9493
6	9494
3	9495
1	9496
3	9497
5	9498
5	9499
1	9500
2	9501
3	9502
6	9503
4	9504
2	9505
6	9506
6	9507
3	9508
1	9509
6	9510
2	9511
3	9512
1	9513
3	9514
6	9515
4	9516
2	9517
2	9518
3	9519
1	9520
4	9521
6	9522
6	9523
2	9524
4	9525
4	9526
3	9527
2	9528
6	9529
6	9530
3	9531
1	9532
6	9533
3	9534
4	9535
3	9536
2	9537
2	9538
2	9539
5	9540
3	9541
1	9542
4	9543
4	9544
3	9545
5	9546
5	9547
3	9548
2	9549
1	9550
6	9551
6	9552
1	9553
3	9554
4	9555
4	9556
4	9557
2	9558
1	9559
5	9560
4	9561
4	9562
3	9563
6	9564
3	9565
3	9566
4	9567
4	9568
1	9569
3	9570
2	9571
5	9572
4	9573
3	9574
1	9575
5	9576
6	9577
4	9578
5	9579
5	9580
6	9581
6	9582
6	9583
5	9584
6	9585
3	9586
6	9587
1	9588
2	9589
6	9590
3	9591
3	9592
5	9593
6	9594
4	9595
2	9596
5	9597
2	9598
3	9599
5	9600
4	9601
4	9602
5	9603
5	9604
4	9605
5	9606
3	9607
4	9608
5	9609
3	9610
4	9611
5	9612
6	9613
1	9614
1	9615
5	9616
4	9617
5	9618
1	9619
1	9620
2	9621
3	9622
1	9623
5	9624
5	9625
4	9626
5	9627
4	9628
2	9629
3	9630
4	9631
4	9632
6	9633
5	9634
3	9635
1	9636
4	9637
2	9638
2	9639
6	9640
2	9641
3	9642
2	9643
5	9644
3	9645
1	9646
3	9647
5	9648
1	9649
4	9650
3	9651
6	9652
2	9653
5	9654
3	9655
5	9656
2	9657
2	9658
1	9659
1	9660
2	9661
2	9662
4	9663
2	9664
1	9665
2	9666
3	9667
6	9668
4	9669
1	9670
6	9671
2	9672
6	9673
3	9674
6	9675
4	9676
5	9677
2	9678
5	9679
1	9680
2	9681
2	9682
5	9683
2	9684
5	9685
4	9686
3	9687
5	9688
2	9689
3	9690
4	9691
2	9692
4	9693
1	9694
3	9695
4	9696
3	9697
5	9698
1	9699
2	9700
3	9701
4	9702
2	9703
1	9704
6	9705
1	9706
6	9707
6	9708
5	9709
4	9710
1	9711
4	9712
1	9713
5	9714
1	9715
1	9716
4	9717
6	9718
4	9719
6	9720
2	9721
4	9722
2	9723
4	9724
3	9725
1	9726
3	9727
2	9728
2	9729
3	9730
3	9731
5	9732
2	9733
5	9734
2	9735
3	9736
1	9737
4	9738
2	9739
3	9740
5	9741
6	9742
6	9743
2	9744
5	9745
2	9746
1	9747
2	9748
2	9749
1	9750
6	9751
1	9752
1	9753
6	9754
1	9755
1	9756
5	9757
1	9758
3	9759
5	9760
5	9761
5	9762
4	9763
5	9764
6	9765
3	9766
5	9767
6	9768
1	9769
5	9770
2	9771
2	9772
2	9773
3	9774
2	9775
6	9776
1	9777
4	9778
1	9779
2	9780
3	9781
4	9782
1	9783
1	9784
1	9785
6	9786
5	9787
1	9788
6	9789
1	9790
1	9791
1	9792
2	9793
4	9794
6	9795
1	9796
2	9797
2	9798
1	9799
2	9800
6	9801
6	9802
4	9803
4	9804
3	9805
4	9806
6	9807
2	9808
2	9809
2	9810
4	9811
4	9812
5	9813
4	9814
4	9815
2	9816
2	9817
5	9818
4	9819
3	9820
6	9821
3	9822
4	9823
3	9824
4	9825
1	9826
4	9827
4	9828
4	9829
5	9830
1	9831
1	9832
5	9833
2	9834
3	9835
2	9836
4	9837
6	9838
6	9839
4	9840
6	9841
6	9842
6	9843
2	9844
3	9845
6	9846
5	9847
1	9848
1	9849
2	9850
3	9851
4	9852
6	9853
4	9854
5	9855
3	9856
5	9857
5	9858
5	9859
6	9860
5	9861
3	9862
5	9863
4	9864
4	9865
1	9866
1	9867
4	9868
3	9869
5	9870
6	9871
5	9872
5	9873
1	9874
5	9875
1	9876
3	9877
5	9878
6	9879
3	9880
6	9881
3	9882
6	9883
6	9884
6	9885
1	9886
3	9887
4	9888
2	9889
1	9890
6	9891
3	9892
1	9893
1	9894
1	9895
6	9896
4	9897
4	9898
4	9899
2	9900
6	9901
5	9902
6	9903
5	9904
3	9905
2	9906
5	9907
6	9908
6	9909
2	9910
2	9911
5	9912
2	9913
6	9914
2	9915
5	9916
2	9917
6	9918
2	9919
3	9920
4	9921
5	9922
6	9923
2	9924
6	9925
4	9926
2	9927
1	9928
2	9929
4	9930
6	9931
5	9932
1	9933
1	9934
4	9935
1	9936
3	9937
1	9938
1	9939
1	9940
1	9941
6	9942
2	9943
4	9944
3	9945
6	9946
5	9947
5	9948
1	9949
1	9950
1	9951
2	9952
1	9953
4	9954
6	9955
4	9956
5	9957
3	9958
2	9959
3	9960
5	9961
1	9962
2	9963
3	9964
1	9965
4	9966
1	9967
2	9968
1	9969
6	9970
4	9971
1	9972
1	9973
3	9974
5	9975
1	9976
3	9977
6	9978
1	9979
1	9980
1	9981
1	9982
5	9983
5	9984
2	9985
2	9986
3	9987
3	9988
4	9989
5	9990
6	9991
5	9992
1	9993
6	9994
6	9995
5	9996
5	9997
3	9998
1	9999
6	10000
Query_ID	Duration	Query
1	0.00009490	SELECT count(B1), B2\nFROM B\nGROUP BY B2
